0.00010696690624136147 2.6413442892143205e-9 1.e-9 5.92455496801052 -2.5845667596974206e-9 5.009989001499618e-27 1.e-14
0.0001070599241693879 4.515038882701324e-9 2.e-9 5.978034081942208 -2.5053059758286264e-9 9.414837048783939e-27 1.e-14
0.00010705992415700539 8.294656064536172e-9 4.500000000000001e-9 5.978034074234055 -2.5053059808014857e-9 2.118338344385897e-26 1.e-14
0.00010705992414481287 1.1553472289926222e-8 7.000000000000001e-9 5.978034066637091 -2.505305985612266e-9 3.29519299281094e-26 1.e-14
0.00010705992413243059 1.452719280553669e-8 9.5e-9 5.97803405892894 -2.505305990585122e-9 4.4720476508539614e-26 1.e-14
0.00010705992412004804 1.7309117682103622e-8 1.2000000000000002e-8 5.978034051220791 -2.505305995557974e-9 5.648902318240858e-26 1.e-14
0.00010705992399659292 4.027543914308835e-8 3.7e-8 5.9780339743543625 -2.5053060449730165e-9 1.7417449501664889e-25 1.e-14
0.0001070599238731376 5.931748837364973e-8 6.2e-8 5.978033897487936 -2.505306094388056e-9 2.91859976135874e-25 1.e-14
0.0001070599237496821 7.64765735203653e-8 8.7e-8 5.97803382062151 -2.505306143803099e-9 4.095454665400854e-25 1.e-14
0.00010705992362622664 9.242777410952837e-8 1.12e-7 5.978033743755086 -2.5053061932181434e-9 5.272309662292836e-25 1.e-14
0.00010705992239146904 2.228026531125461e-7 3.62e-7 5.978032974972361 -2.505306687541449e-9 1.7040864740307347e-24 1.e-14
0.0001070599211567122 3.303333712981361e-7 6.12e-7 5.978032206189738 -2.5053071818648937e-9 2.880942910656252e-24 1.e-14
0.00010705991992195473 4.270898844291338e-7 8.62e-7 5.978031437407213 -2.505307676188479e-9 4.0578002761065046e-24 1.e-14
0.00010705991868719672 5.169724257140627e-7 1.112e-6 5.978030668624785 -2.5053081705122103e-9 5.234658570382188e-24 1.e-14
0.00010705990633994893 1.2508324057257057e-6 3.6119999999999995e-6 5.97802298101659 -2.5053131134502885e-9 1.7003292594517974e-23 1.e-14
0.0001070598939928459 1.8557751549677571e-6 6.111999999999999e-6 5.978015293529468 -2.505318056240506e-9 2.8772019492446854e-23 1.e-14
0.00010705988164569751 2.4000229345602507e-6 8.611999999999998e-6 5.978007606052234 -2.505322999044939e-9 4.054083926552163e-23 1.e-14
0.00010705986929850443 2.9055682390174144e-6 0.000011111999999999998 5.977999918584883 -2.5053279418635932e-9 5.230975191441808e-23 1.e-14
0.00010705981991106866 4.701993822524502e-6 0.000021111999999999997 5.977969169864457 -2.5053477117496084e-9 9.93863311602803e-23 1.e-14
0.00010705977052461562 6.2889636615063e-6 0.000031111999999999996 5.977938422302863 -2.505367480404381e-9 1.4646439618772313e-22 1.e-14
0.00010705972113933556 7.750999480445919e-6 0.000041111999999999995 5.97790767601127 -2.505387247665811e-9 1.9354394685047323e-22 1.e-14
0.00010705967175522743 9.125812202447904e-6 0.000051111999999999994 5.97787693098966 -2.5054070135338778e-9 2.406249830090175e-22 1.e-14
0.0001070596223721033 0.000010434517230395179 0.000061112 5.977846187126832 -2.5054267781706386e-9 2.8770750456105867e-22 1.e-14
0.00010705957299015128 0.000011690491611834195 0.00007111199999999999 5.977815444533951 -2.505446541413994e-9 3.347915113420262e-22 1.e-14
0.00010705952360937243 0.000012902906623286126 0.00008111199999999999 5.977784703211002 -2.5054663032639167e-9 3.8187700321238104e-22 1.e-14
0.00010705947422957668 0.000014078407249360116 0.00009111199999999999 5.97775396304678 -2.5054860638824773e-9 4.289639800880803e-22 1.e-14
0.00010705942485095355 0.00001522200926736126 0.00010111199999999999 5.977723224152456 -2.50550582310756e-9 4.760524417862499e-22 1.e-14
0.0001070589311258353 0.00002549350951819167 0.00020111199999999998 5.977415903046543 -2.5057033416328464e-9 9.470186955035511e-22 1.e-14
0.00010705843751184354 0.000034504709791318345 0.00030111199999999997 5.977108705246991 -2.505900726128837e-9 1.4181332861395756e-21 1.e-14
0.00010705794400905188 0.00004278216714436307 0.00040111199999999996 5.976801630736408 -2.5060979765741446e-9 1.889396080031576e-21 1.e-14
0.00010705745061715392 0.00005055287528283131 0.000501112 5.976494679275087 -2.506295093271632e-9 2.360806944047907e-21 1.e-14
0.00010705695733603389 0.00005794187465796001 0.000601112 5.976187850734526 -2.5064920763621216e-9 2.8323657450988193e-21 1.e-14
0.00010705646416557452 0.00006502760987989387 0.000701112 5.975881144986255 -2.506688925986482e-9 3.3040723502591805e-21 1.e-14
0.00010705597110585041 0.00007186351072400794 0.0008011120000000001 5.975574562012989 -2.506885642123487e-9 3.7759266262802524e-21 1.e-14
0.0001070554781567443 0.00007848810718099116 0.0009011120000000001 5.975268101686299 -2.5070822249140843e-9 4.247928440383694e-21 1.e-14
0.00010705498531794928 0.000084930379249918 0.0010011120000000002 5.974961763766657 -2.5072786746614143e-9 4.720077660566836e-21 1.e-14
0.00010698683427204841 0.00014114198948276011 0.002001112 5.935470030598772 -2.5630469923409056e-9 9.859293548465691e-21 1.e-14
0.00010702308854770433 0.00019257583358450462 0.0030011120000000002 5.956061847846919 -2.5299609049434966e-9 1.4406918091839233e-20 1.e-14
0.00010699389831749421 0.00023782348990347447 0.004001112 5.939127816606768 -2.5524950431457255e-9 1.9551126538458864e-20 1.e-14
0.0001070353612074059 0.00028331083162259517 0.005001112 5.962807349129971 -2.5150289032672346e-9 2.3725414299911438e-20 1.e-14
0.00010700847306237043 0.0003234293349394078 0.006001112 5.947105516867315 -2.535608261567567e-9 2.8937253696503257e-20 1.e-14
0.00010699257182848161 0.00036221820168351996 0.007001112 5.937826238795685 -2.546821606887758e-9 3.405848613532725e-20 1.e-14
0.00010702075524461892 0.00040251863787023394 0.008001112000000001 5.953815602252334 -2.5207066331474646e-9 3.812907078661171e-20 1.e-14
0.00010699410828028395 0.00043784061860455603 0.009001112000000002 5.938341398877352 -2.5410105240262747e-9 4.358834267824192e-20 1.e-14
0.00010701106990344541 0.000475450820904483 0.010001112000000003 5.947878519199892 -2.524429324113785e-9 4.7800890461347855e-20 1.e-14
0.00010696323957647308 0.0007964543457357732 0.020001112 5.918850729980495 -2.5423274046070894e-9 9.695681998272256e-20 1.e-14
0.00010691634075987976 0.001075554905167045 0.030001112000000003 5.890848187095847 -2.5591111955980953e-9 1.4735908941509198e-19 1.e-14
0.00010687029546316646 0.001329966970394761 0.040001112000000005 5.863783815335713 -2.5748777424879198e-9 1.9890539107894484e-19 1.e-14
0.0001068250342971388 0.0015671753209721842 0.05000111200000001 5.837581198389525 -2.589713226063757e-9 2.5150364056342903e-19 1.e-14
0.00010678049577999238 0.001791344515960508 0.06000111200000001 5.812173197746532 -2.6036940704429236e-9 3.0507068043250947e-19 1.e-14
0.00010673662548775378 0.0020051132059482973 0.070001112 5.787500671984887 -2.616888094913353e-9 3.5953113463636333e-19 1.e-14
0.00010669337522077333 0.0022102953394920197 0.080001112 5.763511341575871 -2.6293556048360026e-9 4.148164196690379e-19 1.e-14
0.000106650702167231 0.002408210086176297 0.090001112 5.740158808001016 -2.641150375912507e-9 4.708639010155445e-19 1.e-14
0.00010660856822652469 0.0025998571498910186 0.10000111199999999 5.717401717551644 -2.6523205195785693e-9 5.276161774199663e-19 1.e-14
0.00010621083309095873 0.004290197432844095 0.20000111199999998 5.515956550185659 -2.7374206448415152e-9 1.1240270175761507e-18 1.e-14
0.0001058440718591024 0.00574306199749223 0.300001112 5.348669306689464 -2.7897965949831766e-9 1.751173625303283e-18 1.e-14
0.0001054987056484632 0.007065084731681869 0.400001112 5.204505397220432 -2.8222434191564188e-9 2.3895240179498166e-18 1.e-14
0.00010516964989688271 0.008301352435273135 0.500001112 5.0773830134773945 -2.841577227987328e-9 3.0279671626650476e-18 1.e-14
0.0001048538036218054 0.009475950621224529 0.600001112 4.963495640615293 -2.851856310689019e-9 3.659894770559955e-18 1.e-14
0.00010454909400254093 0.010603481259418061 0.7000011119999999 4.8602603329695135 -2.8556741807025927e-9 4.2813161899897685e-18 1.e-14
0.00010425404185027757 0.011693552710219985 0.8000011119999999 4.765823634651639 -2.854772286662694e-9 4.8898416820888975e-18 1.e-14
0.00010396753850727827 0.012752866737198026 0.9000011119999999 4.678799893508119 -2.8503637537213317e-9 5.484093907650965e-18 1.e-14
0.00010368872077012001 0.013786307650936948 1.0000011119999999 4.598120183710684 -2.8433181353445775e-9 6.06335025652251e-18 1.e-14
0.00010121378171346361 0.023231783875578327 2.0000011119999996 4.01146769162024 -2.714506328848328e-9 1.1052823059402642e-17 1.e-14
0.00009912890244575094 0.03176897097783577 3.0000011119999996 3.6382645409557135 -2.5701757615232957e-9 1.486306326076424e-17 1.e-14
0.00009730420319541949 0.03979341695660295 4.000001112 3.368821920032256 -2.4397998550803677e-9 1.7857874963038406e-17 1.e-14
0.0000956723013261626 0.047462684717891127 5.000001112 3.160496363680224 -2.3252055485384884e-9 2.0274682670166568e-17 1.e-14
0.00009419135581905654 0.054860987759375014 6.000001112 2.9922148528641257 -2.224382229524419e-9 2.2265447490136952e-17 1.e-14
0.00009283289320069762 0.06204063518719242 7.000001112 2.8520511653581115 -2.1350372939619973e-9 2.393152109638744e-17 1.e-14
0.00009157637817510052 0.06903725081772155 8.000001112 2.732623784230853 -2.0552116065220272e-9 2.5343372008225328e-17 1.e-14
0.00009040637983430193 0.07587665202864202 9.000001112 2.6290613933776554 -1.9833292309989526e-9 2.6551768440728648e-17 1.e-14
0.00008931093818268234 0.08257840668783398 10.000001112 2.537989527841049 -1.918137361470367e-9 2.7594385099509036e-17 1.e-14
0.00008467429233017779 0.1144696903610483 15.000001112 2.203274898494787 -1.6635361941083156e-9 3.1132719835441394e-17 1.e-14
0.00008100129067516386 0.14437072963979156 20.000001112 1.9827391034331177 -1.4839793063667263e-9 3.3032920562500333e-17 1.e-14
0.00007795542896860397 0.17283909390355393 25.000001112 1.822123949407751 -1.3480418994335817e-9 3.40728195648433e-17 1.e-14
0.00007535388196215212 0.20019432630710204 30.000001112 1.6978523275200403 -1.2402678725745299e-9 3.461095018707489e-17 1.e-14
0.00007308497558363602 0.22664344418588167 35.000001112 1.5977035687985672 -1.1520046694564407e-9 3.483676351611159e-17 1.e-14
0.00007107502249142266 0.25233123875274927 40.000001112 1.5145899497565198 -1.0779563805224194e-9 3.4859699718369476e-17 1.e-14
0.00006927264157523563 0.2773644771076159 45.000001112 1.444064690236067 -1.0146639763721548e-9 3.474707660061201e-17 1.e-14
0.00006764048288582797 0.3018250088958942 50.000001112 1.3831704700233436 -9.59753725064214e-10 3.45422712472689e-17 1.e-14
0.00006615049600330292 0.3257774840333556 55.000001112 1.3298498698457832 -9.115320933199933e-10 3.4274244425496454e-17 1.e-14
0.00006478105380126753 0.3492741924782119 60.000001112 1.2826191614539852 -8.68752288366272e-10 3.39628748638188e-17 1.e-14
0.0000635151159908892 0.3723582511458079 65.000001112 1.240376461771083 -8.304723193690668e-10 3.362210889556075e-17 1.e-14
0.00006233900989577002 0.3950657876470364 70.000001112 1.202283211346402 -7.95964832311076e-10 3.3261901277879016e-17 1.e-14
0.0000612415933956599 0.4174274855933424 75.000001112 1.1676879082011986 -7.646577013147996e-10 3.288945424776784e-17 1.e-14
0.000060213664310514456 0.43946970845837113 80.000001112 1.1360753235241972 -7.360936525262467e-10 3.25100323692553e-17 1.e-14
0.00005924753330788258 0.4612153359159063 85.000001112 1.1070316824463309 -7.099020835333022e-10 3.2127512143367326e-17 1.e-14
0.00005833670881585855 0.4826843992578214 90.000001112 1.080220182095523 -6.857789343589751e-10 3.1744760801935035e-17 1.e-14
0.00005747566024830217 0.5038945718896846 95.000001112 1.0553633929169406 -6.634720165579639e-10 3.1363902435951477e-17 1.e-14
0.00005665963714051818 0.5248615546747128 100.000001112 1.0322303621871036 -6.427701261561895e-10 3.098650797548325e-17 1.e-14
0.00005514675546700825 0.5661206685304192 110.00000122320002 0.9903887851555149 -6.054942165308641e-10 3.0246418152156977e-17 1.e-14
0.000053640158335779764 0.6105598774674321 121.00000134552003 0.9500063927140054 -5.697637804097124e-10 2.9460242293707e-17 1.e-14
0.000052141983712061476 0.6584187053107939 133.10000148007205 0.9110507176309144 -5.355700705003269e-10 2.863333418240244e-17 1.e-14
0.000050654295242535545 0.7099544544248767 146.41000162807927 0.8734885559980817 -5.028991422778894e-10 2.777114580938122e-17 1.e-14
0.00004917907302533091 0.7654435215055652 161.0510017908872 0.8372861132770342 -4.717322126047787e-10 2.6879164229758728e-17 1.e-14
0.000047718205516150186 0.8251828108508327 177.15610196997594 0.8024091398252176 -4.4204603491857576e-10 2.59628508186621e-17 1.e-14
0.00004627348248350062 0.8894912528361807 194.87171216697354 0.7688230570886032 -4.1381328704545325e-10 2.5027583948683695e-17 1.e-14
0.000044846589148861895 0.9587114361009091 214.3588833836709 0.7364930753374307 -3.870029676184864e-10 2.4078605982123633e-17 1.e-14
0.00004343910128767623 1.0332113596336798 235.794771722038 0.7053843014229915 -3.6158079771646287e-10 2.312097540765022e-17 1.e-14
0.000042052481548253004 1.1133863149142935 259.3742488942418 0.6754618385062774 -3.3750962294471973e-10 2.215952461827583e-17 1.e-14
0.000040688076805634045 1.199660910614952 285.31167378366604 0.6466908796140173 -3.147498115414065e-10 2.1198823670019486e-17 1.e-14
0.00003934711662037069 1.2924912439605378 313.84284116203264 0.6190367911915442 -2.932596459413597e-10 2.0243150406475083e-17 1.e-14
0.000038030712568977924 1.3923672363228206 345.2271252782359 0.592465191286289 -2.7299570285196455e-10 1.9296466829677453e-17 1.e-14
0.00003673985860738674 1.4998151409834184 379.74983780605953 0.5669420200055444 -2.539132194237827e-10 1.8362401726194172e-17 1.e-14
0.00003547543227425158 1.6154002352047134 417.72482158666554 0.5424336027908467 -2.359664425206319e-10 1.7444239301722508e-17 1.e-14
0.00003423819665636222 1.7397297174670523 459.49730374533215 0.5189067093651254 -2.1910895812473464e-10 1.6544913399367924e-17 1.e-14
0.000033028802994080405 1.873455814470225 505.4470341198654 0.4963286045825676 -2.0329399986573376e-10 1.5667007002539882e-17 1.e-14
0.000031847794189084344 2.017279118452902 555.991737531852 0.4746670938535765 -1.8847473457427503e-10 1.4812756434834274e-17 1.e-14
0.000030695608400692995 2.1719521770362706 611.5909112850372 0.4538905644179577 -1.74604523706873e-10 1.3984059685921807e-17 1.e-14
0.00002957258351340769 2.3382833476993694 672.750002413541 0.43396802069774787 -1.616371604457095e-10 1.3182488348862778e-17 1.e-14
0.00002847896164455669 2.5171409319855287 740.0250026548952 0.4148691136356212 -1.495270822509814e-10 1.2409302584753349e-17 1.e-14
0.000027414894309789542 2.709457623948416 814.0275029203848 0.39656416708222975 -1.382295585953278e-10 1.1665468468004744e-17 1.e-14
0.00002638044739656285 2.916235286222641 895.4302532124234 0.3790241992486544 -1.2770085474570332e-10 1.0951677216618655e-17 1.e-14
0.000025375606676609825 3.1385500785397595 984.9732785336658 0.36222093987817783 -1.1789837226414097e-10 1.0268365770535707e-17 1.e-14
0.00002440028311851817 3.3775579657248116 1083.4706063870326 0.34612684366281044 -1.0878076717846049e-10 9.615738228015214e-18 1.e-14
0.000023454318399355952 3.634500639301235 1191.817667025736 0.330715100749591 -1.003080469498889e-10 8.993787693562547e-18 1.e-14
0.000022537490370235694 3.9107118709825266 1310.9994337283097 0.3159596432208237 -9.244164770658539e-11 8.40231817605577e-18 1.e-14
0.00002164951841424111 4.207624342387866 1442.0993771011408 0.3018351491806789 -8.514449301842601e-11 7.840966175744354e-18 1.e-14
0.000020790068721647533 4.526776975992707 1586.309314811255 0.28831704370626043 -7.838103580400861e-11 7.309221694114692e-18 1.e-14
0.000019958759488839926 4.869822817221902 1744.9402462923806 0.2753814978912273 -7.211728480930803e-11 6.806448418051712e-18 1.e-14
0.000019155165847653406 5.238537489834881 1919.434270921619 0.2630054249135673 -6.632081728862159e-11 6.331902911755733e-18 1.e-14
0.000018378824695734113 5.634828289906402 2111.377698013781 0.2511664748276129 -6.096077928307094e-11 5.884752654772486e-18 1.e-14
0.00001762923927112199 6.060743942511458 2322.5154678151594 0.23984302691562812 -5.600787506025513e-11 5.4640928440643045e-18 1.e-14
0.00001690588352079649 6.518485086194986 2554.7670145966754 0.22901418074674662 -5.1434347055253764e-11 5.068961883451389e-18 1.e-14
0.000016208206268860487 7.0104155425952035 2810.243716056343 0.2186597460703506 -4.7213947661375614e-11 4.698355530310655e-18 1.e-14
0.00001553563505007314 7.539074400424621 3091.268087661978 0.20876023073074418 -4.3321904170607636e-11 4.351239703583215e-18 1.e-14
0.000014887579858614578 8.10718902277161 3400.394896428176 0.1992968284401953 -3.9734877948593923e-11 4.026561955040229e-18 1.e-14
0.000014263436483236362 8.717688988726682 3740.4343860709937 0.19025140472706853 -3.6430919002936916e-11 3.723261657371668e-18 1.e-14
