2.0071437092179007e-9 3.9126319166794116e-8 1.2664385117263657e-13 62.09350000015033 62.75300000015348 22.281028796120903 19.942021552276035 0.15389720412964358 0.0000511369959151318 7.86984069892779e-6 0.2517128499267697 0.9514411047579416 -0.0007728295228073488
4.516183176602376e-9 7.180054725851916e-8 1.2755819290862293e-13 61.85100000014917 62.51050000015232 22.23757803460371 19.89855484939922 0.18869702317205647 0.000051121826818937664 9.646536539850938e-6 0.25156353767060236 0.9517985575266051 -0.0007378847306830237
7.0252802185940756e-9 9.985662282802087e-8 1.2741846072499834e-13 61.746000000148676 62.405500000151825 22.218711311918113 19.879817489363603 0.21106101987927545 0.00005100739026970773 0.000010765671811704745 0.25043854493004386 0.9522041775624173 -0.0007099922792237296
9.534434067521598e-9 1.2535489362876424e-7 1.2706558478374532e-13 61.66800000014831 62.32800000015146 22.204752613284487 19.86549589334064 0.22817858461332063 0.000050872901668152235 0.000011608106697811615 0.24911964871358144 0.9525811191051892 -0.0006882350658427883
1.2043624451251521e-8 1.4911531731075652e-7 1.2652719724533603e-13 61.62000000014808 62.27950000015123 22.19604033201659 19.857382761361833 0.24230155563735795 0.00005072528939876085 0.000012290816531474936 0.2476760602705888 0.9529343683393914 -0.0006699176221742278
3.713710563963306e-8 3.420131651687002e-7 1.210504462304523e-13 61.342000000146776 62.001500000149925 22.14606294314631 19.807127046459232 0.32575154486800184 0.00004939273996741992 0.000016089761349650538 0.23483412179395696 0.9552429139995783 -0.000586146384046013
6.223244033388463e-8 4.980941422774866e-7 1.166934706584782e-13 61.17050000014596 61.830000000149106 22.115104671538592 19.77642817661369 0.3748233620014054 0.00004836057190542085 0.000018126672149900553 0.22512193870688516 0.9565472201317561 -0.000555829293443273
8.732848908290308e-8 6.362590187467539e-7 1.1266029054911111e-13 61.130000000145785 61.789500000148934 22.107852144831185 19.76875997302033 0.4117591413709855 0.000047486423382944784 0.000019552968918940434 0.21705704413480495 0.957505585562202 -0.0005393280248846414
1.1242587986861167e-7 7.628832795215364e-7 1.0981237073195121e-13 61.00200000014518 61.66200000014833 22.084747178378713 19.74571219350078 0.44210909933347603 0.00004678470425774841 0.000020683943461976192 0.21068942646511193 0.958158505934475 -0.0005311304404902155
3.634164225336975e-7 1.751075445942286e-6 9.151990019459278e-14 60.71600000014384 61.37550000014699 22.032986947338184 19.694168435482723 0.6226169581256444 0.000042511210184062924 0.000026468200371041175 0.1739569965192303 0.961226126946323 -0.0005166518043552097
6.144255458611065e-7 2.5241918020120076e-6 8.255710424004444e-14 60.52100000014293 61.18100000014608 21.99768422528516 19.658544382269408 0.7302442849683856 0.00004024703657510121 0.000029390168445881248 0.1559203427183691 0.9623161016045167 -0.0005220976258376957
8.654401181502444e-7 3.1983781352336415e-6 7.641621174709514e-14 60.4510000001426 61.11050000014575 21.984938738070518 19.646022739750286 0.8117615380900145 0.00003867652150855438 0.00003139611258775563 0.14398915366766366 0.9629628312394042 -0.000526680044990138
1.1164630387369316e-6 3.8106569814626154e-6 7.210304783730633e-14 60.34350000014209 61.00300000014524 21.96538557405043 19.626660808778702 0.8789531916685986 0.000037502544216742595 0.00003296298093499865 0.13538059779664996 0.9633534355614741 -0.0005315042143727812
3.6267915589490884e-6 8.503862505115131e-6 5.314764312138674e-14 59.96800000014031 60.62800000014346 21.896947151408995 19.55848092527934 1.2794626759666732 0.000031998002990137856 0.0000409402505313514 0.09855546542360019 0.9646805270362007 -0.0005534696081922265
6.1371972650907714e-6 0.000012132366633237137 4.5806777306569386e-14 59.80800000013955 60.468500000142704 21.867672290712463 19.529146776131245 1.5175597928958864 0.000029626948913890248 0.000044960666457900284 0.08449068306378482 0.9650256208609924 -0.0005626640101703838
8.647670279339667e-6 0.000015284440979922437 4.155087798743095e-14 59.660500000138846 60.320500000142 21.84053722172728 19.50267742263922 1.6973477062129783 0.00002814729560514244 0.00004777574763148716 0.07626202134662143 0.9651650223181231 -0.0005679053756600656
0.000011158146579698595 0.00001814142114258264 3.8533823406396047e-14 59.58500000013849 60.24550000014165 21.826611155203473 19.48892320799757 1.8451939060343265 0.00002707167652061084 0.00004995249254196368 0.0705448424580878 0.9652618405564738 -0.0005714222181429453
0.000021200179613805854 0.00002790626434607845 3.175660591189565e-14 59.3985000001376 60.06050000014076 21.791987950596273 19.454706302055317 2.279077487859999 0.00002449830603296607 0.00005583353777043778 0.05777062619318814 0.9654216315694828 -0.0005791199171435359
0.00003124239432237498 0.00003618200882898546 2.8230654962341562e-14 59.26700000013699 59.92950000014015 21.767273394021785 19.431285192716018 2.590436131120501 0.000023046055608805662 0.00005969933512886247 0.051124394201305226 0.9654626491795524 -0.0005835354026232032
0.00004128468800348741 0.000043600202966303706 2.591201148931326e-14 59.18150000013658 59.84500000013975 21.75101687536638 19.415945716977323 2.8406763176350918 0.000022046495809083004 0.00006262695853170338 0.046785804765471645 0.9654821541926789 -0.0005864880517432924
0.00005132704924971298 0.00005043418518379919 2.4231787074181013e-14 59.11050000013623 59.7750000001394 21.73745775475955 19.40284753862457 3.053110646835666 0.000021293233300984543 0.00006501059729679167 0.04364336104552461 0.9654842103381314 -0.0005887715259550617
0.00006136954777762377 0.00005683366488954214 2.294696750342867e-14 59.0390000001359 59.704000000139075 21.72368175463648 19.390590341604717 3.2394293714947247 0.000020694857602212653 0.00006703952955550855 0.04122492258773476 0.9654759337640091 -0.000590365112690026
0.00007141212118983189 0.00006289153055179127 2.191606329210546e-14 58.97100000013557 59.63700000013875 21.710657458750916 19.378097673683424 3.406442198016976 0.000020200476325395867 0.00006881175497487137 0.03927879756166336 0.9654595355081318 -0.0005926925350599118
0.00008145455984807186 0.00006867102803628837 2.1021984045700922e-14 58.94600000013545 59.61300000013863 21.705434069947536 19.374169621535742 3.5584683458515354 0.000019774648401103236 0.00007036746038566955 0.03764025046455713 0.9654636675041963 -0.0005931972495652345
0.00009149714633310085 0.00007421705540883676 2.0278076948786887e-14 58.90700000013527 59.57550000013846 21.697764491967266 19.36685824526814 3.698495413045176 0.000019407928878692014 0.00007178013593454943 0.03625712367526537 0.9654577020216997 -0.0005941122138291788
0.00010153987926351666 0.00007956318645236112 1.964987556724266e-14 58.856000000135026 59.52500000013822 21.687777524018497 19.358019509468523 3.8286505527646573 0.00001908740763322067 0.00007307901378577466 0.03506944240971084 0.9654405025303313 -0.0005960359449591861
0.0002019672128574312 0.00012591765098237304 1.5851386211368183e-14 58.650500000134045 59.329000000137285 21.64413911700652 19.323510691920273 4.811888038295064 0.000017074818023563305 0.00008216211260364924 0.028063842323127274 0.9653798002425855 -0.0006013839409571006
0.0003023966442090164 0.0001648337542173709 1.3982784932065853e-14 58.5160000001334 59.20450000013669 21.61362059848023 19.301606495438456 5.5036660235907275 0.00001599179170978178 0.00008801348068946584 0.02461666485661646 0.965319075382256 -0.0006049757931095986
0.0004028273804832497 0.0001995798147720829 1.2789558652269607e-14 58.42600000013297 59.12450000013631 21.591215397507327 19.2883668826595 6.055132092540606 0.000015262641192369504 0.00009241730850084879 0.02242303284340618 0.9652716630569373 -0.00060735927183038
0.0005032597130444648 0.00023151714045223308 1.194125596743579e-14 58.3475000001326 59.05650000013598 21.57097877110484 19.27687027630488 6.521241305003478 0.00001472023348155232 0.00009599419459919416 0.020857601272751918 0.9652268302760226 -0.0006094076126657675
0.0006036936543361425 0.0002613788549904476 1.129912673904541e-14 58.27050000013224 58.99000000013567 21.55100064759114 19.265708210650374 6.9289497923411405 0.000014292544217281367 0.00009903232128635831 0.01966319349392717 0.9651777603081397 -0.0006117065807760317
0.0007041278001494927 0.00028961689373627344 1.0773218515319705e-14 58.22650000013203 58.957000000135515 21.537076188708653 19.260854161829247 7.293716099213551 0.000013937984872087923 0.00010165970465214261 0.018699713018585536 0.9651483033836219 -0.0006126844406493359
0.0008045626936018858 0.00031653381762000813 1.0338069074540017e-14 58.18900000013184 58.93150000013539 21.524464224601633 19.256494901852502 7.625371907981207 0.000013637651022374427 0.00010399216099686513 0.017902517620625766 0.9651204067703163 -0.0006142982237441249
0.0009050014200831753 0.0003423480452928053 9.992895117559491e-15 58.112000000131474 58.866000000135074 21.504445774298617 19.245552183718683 7.9305382273394365 0.000013383188120193846 0.0001061358849908723 0.017240669603527332 0.9650673726712182 -0.0006159377023636898
0.0010054354812611532 0.0003672170849887127 9.655169988314713e-15 58.123000000131526 58.889500000135186 21.500721351278763 19.25054499227807 8.213959990113676 0.000013150546537387417 0.00010801806310622815 0.01664648596390096 0.9650679013955021 -0.0006162208886578645
0.002009858665527085 0.0005824367386376216 7.868648287473947e-15 57.84600000013021 58.772500000134634 21.392216622265234 19.22763159289109 10.352327723496703 0.000011752532274684036 0.00012166606568850131 0.013295291660661014 0.9648187027246656 -0.0006253241960881333
0.003014376087408004 0.0007626913179355743 7.0381132446695924e-15 57.61450000012911 60.57800000014326 21.29261934600839 19.209729858842085 11.856865352422822 0.000011012026972166588 0.00013056812106622764 0.01167265089410512 0.964585009525458 -0.0006334644973810889
0.004018944497888167 0.0009233375915258165 6.493752690543304e-15 57.539500000128754 60.77050000014418 21.222212283013377 19.218355972134813 13.057882192081628 0.000010507948373690165 0.0001372115519441219 0.010628471803161742 0.9644442791730211 -0.000638165922387705
0.005023579280359425 0.0010707617543742006 6.1143596741272424e-15 57.48600000012851 60.913000000144876 21.15617294187893 19.228067727717242 14.074781602454847 0.000010133180791075964 0.0001426223065725848 0.009883859114130708 0.9643152049698529 -0.0006423865513426253
0.006028275925370039 0.001208396927122799 5.829221172491827e-15 57.45350000012836 61.03100000014544 21.09438801739639 19.23896683588622 14.965966372630726 9.836533845521708e-6 0.00014721323475532189 0.009313633523387418 0.964198487897803 -0.0006461300275945886
0.007033040577597375 0.0013383597149329654 5.609166453035921e-15 57.4205000001282 61.118000000145855 21.033172156039623 19.246044022992432 15.764910955832914 9.593311552064743e-6 0.00015123770238986394 0.00885874216330716 0.9640818552146003 -0.0006498734452326567
0.008037850960536616 0.0014620683005329533 5.424188412364906e-15 57.42300000012821 61.218500000146335 20.978904926477856 19.25709198160883 16.49276772693859 9.385316179986419e-6 0.0001547898398003946 0.008478768546247977 0.9639876401789963 -0.0006527919459529724
0.009042699867937112 0.0015805343256362452 5.263225011394746e-15 57.45800000012838 61.33500000014689 20.931243222513324 19.270644097610187 17.16387879958943 9.20316471982024e-6 0.00015796200382365205 0.008152848164435364 0.963915564724473 -0.0006547579848549092
0.010047659048234386 0.0016945181731248629 5.1456467640651826e-15 57.42500000012823 61.36950000014706 20.871849942133093 19.268975754098484 17.788523972638462 9.048359442988637e-6 0.00016095695886465296 0.007880878877891873 0.9638008915578932 -0.0006588451988925441
0.02010016127819966 0.002674106874314726 4.49331595639185e-15 57.4945000001286 61.77450000014904 20.390790221325066 19.199551171905494 22.549765835388218 8.071149778117725e-6 0.00018200253751890025 0.006270552051924637 0.9629926981118001 -0.0006830368658643039
0.030158029621292316 0.0034844290898460952 4.2451125421448225e-15 57.60350000012915 62.00050000015015 19.98195730401125 19.01962603356737 25.96525471777447 7.5344909360549375e-6 0.00019563497632342944 0.005464403910272503 0.9623647529272403 -0.0007010722139167498
0.04022098313239749 0.004198341483874303 4.12607781187543e-15 57.703500000129665 62.15750000015093 19.620456180296518 18.801980310528947 28.740622900889562 7.162514149892999e-6 0.00020585511820436027 0.004938169011445772 0.9618542807305471 -0.0007149973028891002
0.05028883553578563 0.004846379908207879 4.066012404109374e-15 57.78700000013011 62.274500000151534 19.29340186249802 18.573753215358437 31.129731771924813 6.875795102931772e-6 0.00021404165727298023 0.004550727354220341 0.9614256744526275 -0.0007250745934468644
0.060361318390297125 0.005445089370300075 4.032142780448368e-15 57.88300000013059 62.39150000015212 18.997572714786646 18.350869725938455 33.25637888674579 6.639333751257653e-6 0.00022080019878738374 0.0042431068197654334 0.9610808512076555 -0.0007324959945559883
0.07043906683504716 0.006004762679964947 4.034128674488464e-15 57.88250000013063 62.406000000152225 18.710122888828597 18.118874489707395 35.19159903025094 6.4421106775201166e-6 0.00022670817587178615 0.003994765841492722 0.9607334473101694 -0.0007400889216109729
0.08052105297369751 0.006532273667162233 4.0343227348039696e-15 57.93650000013092 62.47050000015257 18.451547792066414 17.904812505122763 36.97995081489489 6.265955952700464e-6 0.00023171474293916104 0.0037792849600180437 0.9604759356717798 -0.0007441987498833609
0.09060730056747344 0.007032583979648514 4.0355557290794045e-15 58.01250000013132 62.55500000015301 18.213468455439696 17.703271445008568 38.65178183282866 6.106713168417388e-6 0.00023603534510133073 0.003589632655114254 0.9602787611491267 -0.000746595082944975
0.10069886885366469 0.007509468605141711 4.05647550284749e-15 58.00900000013134 62.557500000153055 17.977806679526932 17.49775220619378 40.228759509580925 5.9655887317689755e-6 0.00023998823442339997 0.0034256389142053333 0.9600678936907221 -0.0007456346541370262
0.20185355706707367 0.01141481471221222 4.214922944615041e-15 58.21550000013269 62.79050000015454 16.19412156326231 15.870598915749405 53.0504161888285 4.937448384938316e-6 0.0002619336917318368 0.0023466055915467208 0.9595410454956477 -0.0007205892623784748
0.3034478639692381 0.014375419554743363 4.2971077646904965e-15 58.26300000013333 62.84550000015521 14.940301764086055 14.681106857548768 63.32640160108121 4.2454979231112e-6 0.000268852106475496 0.0017349710378438878 0.9603389431989706 -0.0006541274722237436
0.4054454720042182 0.016774286192804917 4.2745737774106134e-15 58.31000000013396 62.89650000015586 13.979840935564969 13.757531395872654 72.5119627763585 3.709039010955896e-6 0.0002689496986984955 0.001324212753545236 0.9615186406322322 -0.0005393830162984274
0.5078497194478675 0.01878828352648518 4.1978403047306674e-15 58.296500000134316 62.885000000156225 13.196962647134203 12.999155650995423 81.09038572873932 3.2766802143647e-6 0.0002657072624925618 0.0010334823912483174 0.962851123298669 -0.00048107614151358805
0.6106522914587296 0.020517472804364403 4.08438292896887e-15 58.259500000134544 62.85000000015646 12.539768642503134 12.359698884467765 89.28764725773152 2.9191557670147313e-6 0.000260644550415584 0.0008202561651687974 0.9642260844252833 -0.0004285270583243904
0.7138356488834221 0.022026146329855254 3.941446878951609e-15 58.24900000013491 62.840000000156834 11.979621507901301 11.8133277439725 97.22567509449297 2.6178961878213545e-6 0.0002545267241882308 0.000659689854904193 0.9655976376538038 -0.0003791652903550334
0.8174061345838359 0.023358613440478168 3.791567033458666e-15 58.20850000013513 62.80050000015706 11.488607531133347 11.333230180805096 104.98133418750169 2.3620728864231234e-6 0.00024797356306482265 0.0005370584485315985 0.966902499258063 -0.0003346997646142115
0.9213478418317829 0.02454669312777273 3.6323366110290896e-15 58.18800000013544 62.78050000015737 11.05665252553004 10.91033054639666 112.60349861008532 2.141842875390083e-6 0.00024117900124200837 0.00044158079798254626 0.9681574744073808 -0.00029453642051041216
1.0256673141825383 0.025614423195531907 3.4758966548163462e-15 58.14850000013561 62.741500000157544 10.66907497247423 10.530349046902506 120.12770770041607 1.9512975409873514e-6 0.0002344049006402692 0.0003665067338992756 0.9693371931832799 -0.00025631249689514625
2.0902977989211418 0.032401774353971645 2.173424761316186e-15 57.88100000013704 62.47600000015898 8.202367156642278 8.104743133960877 193.53549371270066 9.131776765354372e-7 0.00017673229247570265 0.00008026857191363387 0.9783092926688165 -0.00003781021439779155
3.1995879516958743 0.03580363172798643 1.4086848864592096e-15 57.61550000013867 62.21100000016061 6.872153694019154 6.792850723765806 268.09469854938226 5.164086175668683e-7 0.00013844641265489276 0.00002566976694841472 0.983993833874968 0.00007095213484110883
4.36872651352807 0.03779193967000257 9.516729025078795e-16 57.40600000014108 62.00200000016302 5.994411009914686 5.92628969256224 346.7982764321374 3.2308926064156926e-7 0.0001120467987242298 0.000010048008849367773 0.9880703177722773 0.0001400592875451135
5.629915265763293 0.039044619354436455 6.618095603210244e-16 57.19800000014447 61.79400000016641 5.342156673701527 5.281933071465496 432.5755014786889 2.140510959812455e-7 0.00009259326018615024 4.41031770340135e-6 0.991294793319075 0.0001934731708680228
