1.e-7 2.8575329408315184 0.000012102551148745004
3.5e-7 2.858814776533696 0.00001583448028873426
6.e-7 2.859359041348275 0.000017777826535727237
8.499999999999999e-7 2.859708462263348 0.00001915949081301969
1.0999999999999998e-6 2.8599659647719444 0.00002025135754654593
3.5999999999999994e-6 2.861137582837933 0.000026135736594683716
6.099999999999999e-6 2.8616521619326822 0.000029279202801904653
8.599999999999999e-6 2.8619851622414902 0.000031528409760796664
0.000011099999999999999 2.8622314682240164 0.00003331129310425627
0.000021099999999999998 2.862847324422521 0.000038261310399641915
0.0000311 2.8632164116636787 0.000041603053594353423
0.000041099999999999996 2.8634803345768782 0.000044184908216172417
0.000051099999999999995 2.863685712848507 0.0000463135466442839
0.0000611 2.8638537542831073 0.000048137596092364024
0.0000711 2.8639959049541788 0.000049741274976688314
0.00008109999999999999 2.864119047459099 0.00005117728046183338
0.00009109999999999999 2.8642276431809583 0.00005248094377522605
0.00010109999999999999 2.86432474893087 0.00005367719335477099
0.0002011 2.864961873212079 0.0000623010255602489
0.0003011 2.865332480267707 0.0000680071781135707
0.0004011 2.8655942111096104 0.00007238430472738298
0.0005011 2.865796438997433 0.00007598149810140603
0.0006011 2.8659611193904624 0.00007905940860049939
0.0007011000000000001 2.8660999436233583 0.0000817639160569923
0.0008011000000000001 2.8662198788687574 0.00008418554394513088
0.0009011000000000002 2.8663254122113835 0.00008638461987149294
0.0010011000000000002 2.866419603057653 0.0000884035140990014
0.0020011000000000004 2.867033743514718 0.00010301817989274864
0.0030011000000000005 2.867387867986153 0.00011278087698438352
0.0040011000000000005 2.8676363901775774 0.00012033742535513151
0.0050011000000000005 2.8678273824959715 0.00012659810855550092
0.0060011000000000005 2.8679821557063745 0.00013199444624647933
0.0070011000000000006 2.8681120336967165 0.0001367679230929423
0.0080011 2.8682237535069293 0.00014106846527619322
0.009001100000000001 2.868321648042996 0.00014499607362587798
0.010001100000000002 2.8684086680702547 0.00014862105650467405
0.0200011 2.8689656778879566 0.00017544269891206526
0.030001100000000003 2.869275522713936 0.0001939627540962734
0.040001100000000005 2.8694857435644145 0.0002086469916431527
0.05000110000000001 2.8696420298523586 0.00022105139140088064
0.06000110000000001 2.86976455492916 0.00023192123500181546
0.07000110000000001 2.869864002322349 0.00024167726457428743
0.0800011 2.8699467093248576 0.0002505826777028372
0.0900011 2.8700167408323902 0.0002588141819912719
0.1000011 2.8700768582196976 0.0002664967295526317
0.2000011 2.870397957450925 0.000326088604715114
0.3000011 2.8705071991113886 0.00037040099620069166
0.4000011 2.8705385821635305 0.00040761078302840127
0.5000011 2.870532267012868 0.00044056968405478545
0.6000011 2.8705052658362615 0.00047063620423742913
0.7000010999999999 2.8704661410265624 0.0004985728599017686
0.8000010999999999 2.8704195039396425 0.0005249230412216453
0.9000010999999999 2.870368732496077 0.0005498001861410459
1.0000011 2.87031511144015 0.0005736346141458417
2.0000011 2.869770163796999 0.0007745546602803508
3.0000011 2.869301075655103 0.0009380192629684547
4.0000011 2.868906182075347 0.0010810084547293796
5.0000011 2.8685668976521077 0.0012103168989665092
6.0000011 2.8682694574871848 0.0013295675916305857
7.0000011 2.8680043593488196 0.0014409872297606499
8.0000011 2.867764932105936 0.0015460687653308057
9.0000011 2.86754635534912 0.0016458745425960784
10.0000011 2.867345046406711 0.0017411941236137728
15.0000011 2.8665199618854142 0.002167917080560562
20.0000011 2.865885730743529 0.0025376451378916515
25.0000011 2.8653648644710596 0.002869738944404551
30.0000011 2.864919605707289 0.003174479357620844
35.0000011 2.8645286195248074 0.0034581251837833733
40.0000011 2.8641786270231835 0.0037248315900111563
45.0000011 2.8638607787162935 0.003977528733293021
50.0000011 2.8635688684125693 0.004218377137237312
55.0000011 2.863298367994534 0.0044490255513775214
60.0000011 2.8630458675716612 0.004670767032037521
65.00000109999999 2.862808732076082 0.0048846385181375886
70.00000109999999 2.8625848808540586 0.005091487100057578
75.00000109999999 2.862372640804254 0.005292015662877804
80.00000109999999 2.8621706453551914 0.005486815290822877
85.00000109999999 2.8619777630758017 0.005676388847459956
90.00000109999999 2.8617930460634033 0.00586116846280655
95.00000109999999 2.861615691781065 0.006041528873435391
100.00000109999999 2.8614450144520975 0.006217797571209603
110.00000121 2.861121404872868 0.006559180003964578
121.000001331 2.8607890513238114 0.006919394868964699
133.10000146410002 2.8604475366250557 0.0072994613261742015
146.41000161051002 2.860096419146754 0.0077004524317733965
161.05100177156103 2.8597352317699976 0.00812349789089134
177.15610194871715 2.8593634809129647 0.00856978671612639
194.8717121435889 2.8589806452632485 0.009040570408162212
214.3588833579478 2.8585861747727397 0.009537165702614472
235.7947716937426 2.858179489265841 0.01006095800957027
259.37424886311686 2.8577599772657525 0.010613404490701127
285.31167374942856 2.8573269945630213 0.01119603761432927
313.84284112437143 2.856879862791641 0.011810468722649245
345.2271252368086 2.856417867944554 0.012458391731212036
379.74983776048947 2.8559402588555227 0.01314158691045183
