1.130439352583849e-7 1.008169761002786
3.9565303938677037e-7 1.0054972383246576
6.782617621623654e-7 1.0046914023680327
9.608702601222757e-7 1.0042137598587921
1.2434785929631058e-6 1.003956800906192
4.069556752179442e-6 1.0030309441779277
6.895629342993031e-6 1.0027666105502904
9.721698249430507e-6 1.0027178521438107
0.000012547764217088378 1.0026735961698474
0.000023852005095355532 1.0028469211232707
0.000035156216108835634 1.0031112556996973
0.00004646040161797674 1.0034204766049015
0.00005776456376269023 1.0037575900120292
0.00006906870378446977 1.0040735654143376
0.00008037282246435794 1.0044138939393925
0.00009167692031507093 1.004786639486487
0.00010298099767762592 1.0051488779027977
0.00011428505477684175 1.0054995377335414
0.00022732452136807815 1.009169184396026
0.0003403619268395997 1.012863666635216
0.0004533971361634518 1.0165690645213636
0.0005664299851717816 1.0203023070699175
0.0006794603159171637 1.0240190278260526
0.0007924879517213459 1.0277325323408553
0.0009055127369863118 1.0314419325784723
0.0010185345103719972 1.0351428802362967
0.0011315531341614187 1.038838888322183
0.0022615360910531413 1.0754496017818553
0.003391071805794512 1.1113483997622686
0.004520075347910226 1.1465225771757048
0.005648485824570803 1.180985548818043
0.006776258434145766 1.2147265726855703
0.007903359676723565 1.2477936723876453
0.009029764177115812 1.2801947579966209
0.01015545263167193 1.3119477494841343
0.011280410412661696 1.3430681559890905
0.02248847626279291 1.6233294179787516
0.033621670344284704 1.8577025761861867
0.04468472840862765 2.0576986846226766
0.05568385575384222 2.2315568320039665
0.06662524779780599 2.385186340563875
0.0775146503134337 2.523195973985859
0.08835724136742858 2.6486878020543188
0.09915762878392528 2.764245744171272
0.10991989104523636 2.8718170089480637
0.21606772354447468 3.732419060281887
0.320658762077928 4.489665022179779
0.42447220735115915 5.280239493293106
0.5278412113624541 6.144478714076718
0.6309320456018569 7.100488948862282
0.7338370732943713 8.15958094387261
0.8366181771406102 9.330821932709412
0.9392914589668192 10.621741322948798
1.0418997734793267 12.040608690917542
2.0661898033745274 35.07009889647765
3.089351936920951 81.03691958977323
4.112188728477395 162.4321336023568
5.134886250197679 295.8384352260612
6.157510470743473 502.74896036104514
7.180090619793233 810.4816270789885
8.202641599513646 1253.194087828737
9.225171791418179 1873.004760519509
10.247686279133532 2721.2263823757166
15.360106568206694 13009.11018066891
20.47236223868295 44734.60410569932
25.58449864442524 125345.5315279399
30.696532829159505 304814.9235669934
35.80847346952905 667524.7111497656
40.920326187424614 1.3480466798848286e6
46.032095267849506 2.551548883469833e6
51.14378372741182 4.5796157244230285e6
56.25539443439488 7.86233346752952e6
61.366929795301395 1.2997567726390373e7
66.47839186111214 2.079839432915747e7
71.58978248822358 3.234976251423443e7
76.70110283032103 4.9075496942220666e7
81.81235621506313 7.281661180911918e7
86.92354268669135 1.0592294012646979e8
92.03466373405034 1.513580760555877e8
97.14572083271675 2.128204014977148e8
102.25671515376602 2.948807694570126e8
112.47852002526963 5.443987427407364e8
123.7222308367845 1.0142004144351758e9
136.08999029517963 1.906155773760719e9
149.69415212201739 3.6133402772512574e9
164.65828970324227 6.906567927099816e9
181.11833226692255 1.3307665774174187e10
199.2237831790836 2.5841119177245182e10
219.13908674513763 5.055582021782021e10
241.0451129864012 9.962430863430846e10
265.1408034858013 1.976808336863833e11
291.6449700808755 3.948745440494317e11
320.7982848901378 7.938317979471758e11
352.8654575110374 1.605596514074109e12
388.13763302132355 3.266507480604272e12
