0.02692369171261512 1.427309048429384e9 1.e-7 21.903058880496424 -5.058294270462906e-6 1.9189755694948397e-18 1.e-14
0.026923655085917007 2.0409239891163175e9 3.5e-7 21.903045336593628 -5.058289878060505e-6 6.716402828753456e-18 1.e-14
0.026923618464911956 2.3800962073981533e9 6.e-7 21.903031794736123 -5.0582854861326415e-6 1.1513813426649061e-17 1.e-14
0.026923581849600083 2.6285956414592915e9 8.499999999999999e-7 21.90301825492388 -5.058281094679305e-6 1.6311207365903666e-17 1.e-14
0.02692354523772241 2.8290532614387045e9 1.0999999999999998e-6 21.903004716342146 -5.058276703512338e-6 2.1108584647668908e-17 1.e-14
0.02692317925927501 3.96570492963958e9 3.5999999999999994e-6 21.902869380689417 -5.0582328035484045e-6 6.908144155621149e-17 1.e-14
0.026922813470645793 4.608014777254496e9 6.099999999999999e-6 21.90273411268272 -5.058188919426058e-6 1.170526337865658e-16 1.e-14
0.02692244783907729 5.081120214784442e9 8.599999999999999e-6 21.902598900506955 -5.05814504841662e-6 1.650221620837991e-16 1.e-14
0.02692208234988094 5.4636936032258005e9 0.000011099999999999999 21.902463738865272 -5.058101189296751e-6 2.1299002711270036e-16 1.e-14
0.02692062170917879 6.558634926801047e9 0.000021099999999999998 21.901923558804924 -5.0579258627429465e-6 4.0484486707228795e-16 1.e-14
0.02691916304563599 7.323227451763716e9 0.0000311 21.901384078874834 -5.057750701378694e-6 5.966731433189447e-16 1.e-14
0.02691770627094803 7.927017886123696e9 0.000041099999999999996 21.90084526725066 -5.057575697849823e-6 7.884748925345056e-16 1.e-14
0.026916251338548948 8.432970280853339e9 0.000051099999999999995 21.900307107182805 -5.057400848283639e-6 9.80250150513934e-16 1.e-14
0.026914798215429695 8.872164622261711e9 0.0000611 21.89976958681133 -5.0572261499367595e-6 1.1719989523957614e-15 1.e-14
0.026913346878798376 9.262462418527481e9 0.0000711 21.899232697943372 -5.057051600912719e-6 1.3637213329382217e-15 1.e-14
0.0269118973091208 9.615169614609516e9 0.00008109999999999999 21.898696433608848 -5.0568771995974985e-6 1.5554173264932847e-15 1.e-14
0.026910449491503632 9.937940834152409e9 0.00009109999999999999 21.898160788467614 -5.056702944753526e-6 1.7470869671788014e-15 1.e-14
0.026909003413278444 1.0236222975436338e10 0.00010109999999999999 21.897625757994685 -5.056528835331514e-6 1.938730288877025e-15 1.e-14
0.026894636041529495 1.2442706579816132e10 0.0002011 21.89230845588721 -5.054795552689875e-6 3.8537232523395824e-15 1.e-14
0.02688043318556243 1.3952540641841146e10 0.0003011 21.88704929223833 -5.053076039060802e-6 5.7661201291209785e-15 1.e-14
0.02686638894348945 1.513498668414133e10 0.0004011 21.88184611082336 -5.051369792556137e-6 7.675952012189037e-15 1.e-14
0.026852497786642674 1.6121327286590403e10 0.0005011 21.876697052136358 -5.049676379978319e-6 9.583248694464172e-15 1.e-14
0.026838755155788898 1.6975067500503761e10 0.0006011 21.87160041546155 -5.047995404951947e-6 1.148803878631413e-14 1.e-14
0.02682515638408831 1.7732266386304413e10 0.0007011000000000001 21.866554607389816 -5.046326496024102e-6 1.3390349794010512e-14 1.e-14
0.02681169725638872 1.8415564888212418e10 0.0008011000000000001 21.861558121728983 -5.0446693020161055e-6 1.5290208187924727e-14 1.e-14
0.026798373704284457 1.9040202883427597e10 0.0009011000000000002 21.856609527171837 -5.04302348916799e-6 1.7187639461680213e-14 1.e-14
0.0267851818539438 1.9616977045836708e10 0.0010011000000000002 21.85170745904974 -5.041388739227288e-6 1.908266818535229e-14 1.e-14
0.02665976645963127 2.3875464771424145e10 0.0020011000000000004 21.804983839216526 -5.025588610330708e-6 3.790564796665485e-14 1.e-14
0.02654426986064607 2.6787705504725548e10 0.0030011000000000005 21.761763823334245 -5.010626688821412e-6 5.651006734648838e-14 1.e-14
0.026436643288012252 2.907130229191454e10 0.0040011000000000005 21.72132327036844 -4.996333903340186e-6 7.491065218679053e-14 1.e-14
0.026335437326735604 3.0979983090321598e10 0.0050011000000000005 21.68314966661714 -4.98259048548319e-6 9.311876141915901e-14 1.e-14
0.026239591414022455 3.2636099405239155e10 0.0060011000000000005 21.64686801157867 -4.969308710933712e-6 1.1114350336450579e-13 1.e-14
0.026148306376639785 3.410895942683679e10 0.0070011000000000006 21.612195717345344 -4.956422397230037e-6 1.2899241269521691e-13 1.e-14
0.026060964120479254 3.544199275639851e10 0.0080011 21.578914273804806 -4.943880305210405e-6 1.4667187944427358e-13 1.e-14
0.025977075774148255 3.666437898294344e10 0.009001100000000001 21.54685089775073 -4.931641864812679e-6 1.6418743240919158e-13 1.e-14
0.025896247125397277 3.779675518174559e10 0.010001100000000002 21.515866293602738 -4.9196743237050065e-6 1.8154393352116473e-13 1.e-14
0.02520480475320841 4.630888854807537e10 0.0200011 21.247191003797347 -4.810611065249162e-6 3.471487744489926e-13 1.e-14
0.024643709655951234 5.235499941688179e10 0.030001100000000003 21.02442093124015 -4.713958105173869e-6 4.999998555458636e-13 1.e-14
0.024158837710528274 5.7281153755554504e10 0.040001100000000005 20.828498369978565 -4.625125546779828e-6 6.41771237927979e-13 1.e-14
0.023725855268500573 6.155678347986058e10 0.05000110000000001 20.65086859142157 -4.542008399898563e-6 7.736360310463428e-13 1.e-14
0.023331249260337958 6.5405460741249916e10 0.06000110000000001 20.486785416601364 -4.4634108681981154e-6 8.965080817058847e-13 1.e-14
0.02296657554507579 6.89523520977067e10 0.07000110000000001 20.333284970830867 -4.388566535648821e-6 1.0111404915862728e-12 1.e-14
0.02262613690841907 7.227500588439035e10 0.0800011 20.18836860395298 -4.3169437690356575e-6 1.118175585003839e-12 1.e-14
0.022305874623133354 7.542495480435025e10 0.0900011 20.050613176183433 -4.2481523788137675e-6 1.2181737963782951e-12 1.e-14
0.02200277665088124 7.843825426265834e10 0.1000011 19.918963099636322 -4.181893529944015e-6 1.3116319399767052e-12 1.e-14
0.019575355412138784 1.0469910095681009e11 0.2000011 18.819101425502588 -3.6217344380503614e-6 1.967554872456275e-12 1.e-14
0.017776361487806647 1.2824122513883368e11 0.3000011 17.949424630894313 -3.188645038052884e-6 2.2876862533595102e-12 1.e-14
0.01633252843614743 1.5111581044524915e11 0.4000011 17.21476914846592 -2.8396982264954116e-6 2.4191724579743203e-12 1.e-14
0.015129598984382374 1.7395813994587628e11 0.5000011 16.57522107202463 -2.5519203546746673e-6 2.4421169338715144e-12 1.e-14
0.014104316386945284 1.9703434614974405e11 0.6000011 16.008404155734286 -2.3106125236062682e-6 2.4025230100282004e-12 1.e-14
0.013216430711543914 2.2047277824534354e11 0.7000010999999999 15.499808339103842 -2.1056029944849347e-6 2.3276247421418355e-12 1.e-14
0.012435795989535169 2.443284356926627e11 0.8000010999999999 15.037944586632289 -1.9293680109752876e-6 2.2334796240951025e-12 1.e-14
0.011749357700632183 2.6867014757760785e11 0.9000010999999999 14.618942047371664 -1.7768937347073257e-6 2.131214762313309e-12 1.e-14
0.011134772049932974 2.934817392071254e11 1.0000011 14.233159710238295 -1.643502814098455e-6 2.025828353370893e-12 1.e-14
0.007331813446364107 5.680571183113568e11 2.0000011 11.55628935109927 -8.896032428375267e-7 1.1870915474005573e-12 1.e-14
0.005472792191838885 8.865350181774957e11 3.0000011 9.986349390595947 -5.765619923336745e-7 7.479536690080745e-13 1.e-14
0.0043673097307637375 1.2429416973075808e12 4.0000011 8.921830420626467 -4.1208160494307745e-7 5.094338874916682e-13 1.e-14
0.003633873845565115 1.6328238289238e12 5.0000011 8.138756680861988 -3.1326083327314943e-7 3.679963921953932e-13 1.e-14
0.0031115769096380762 2.0528724927229976e12 6.0000011 7.531478208670885 -2.4847430216386307e-7 2.7782770569625436e-13 1.e-14
0.0027206680835164783 2.500532882384853e12 7.0000011 7.042699882644392 -2.0330520569885847e-7 2.1699831908707006e-13 1.e-14
0.0024170880176907416 2.973764556350924e12 8.0000011 6.638282536202565 -1.703383884801233e-7 1.7409102347754485e-13 1.e-14
0.0021745033465034175 3.4708931775190684e12 9.0000011 6.296445049290144 -1.454101537706971e-7 1.4272277897631305e-13 1.e-14
0.0019762041854522088 3.990514811266698e12 10.0000011 6.002547656814324 -1.260208057792033e-7 1.191093392713235e-13 1.e-14
0.0013575113694545963 6.889093913159473e12 15.0000011 4.975090330976892 -7.180923860892016e-8 5.801138018708691e-14 1.e-14
0.0010339989211863964 1.0220307171132475e13 20.0000011 4.342002426741439 -4.774964073504127e-8 3.4200424735905936e-14 1.e-14
0.0008350916070034337 1.3920760260975559e13 25.0000011 3.9020666059009352 -3.465937092306899e-8 2.2523850855728396e-14 1.e-14
0.0007004185445130049 1.79476532823107e13 30.0000011 3.5735728153759214 -2.662197617697525e-8 1.5946416934969282e-14 1.e-14
0.0006031870009344363 2.2269656043879035e13 35.0000011 3.3162352595405604 -2.1273658458770113e-8 1.187992465915458e-14 1.e-14
0.0005296866369010457 2.6862592428160176e13 40.0000011 3.1075924341040633 -1.750409053878416e-8 9.191795820472971e-15 1.e-14
0.0004721731471139977 3.1707098268388516e13 45.0000011 2.9340008928661105 -1.4729966650360373e-8 7.32280239532643e-15 1.e-14
0.0004259414473971143 3.678722644998476e13 50.0000011 2.7866315581349177 -1.2618528984474876e-8 5.971022896313722e-15 1.e-14
0.00038796793565674357 4.208955775051559e13 55.0000011 2.6594848537864504 -1.0967530471990219e-8 4.961827491215449e-15 1.e-14
0.00035622091113585885 4.760260349218273e13 60.0000011 2.5483222784700548 -9.647701815904434e-9 4.188516841576731e-15 1.e-14
0.0003292846798165616 5.331638936404821e13 65.00000109999999 2.4500531495964193 -8.572962556804461e-9 3.582914801902041e-15 1.e-14
0.00030614250672716855 5.922215274760477e13 70.00000109999999 2.3623634994360367 -7.684006654603516e-9 3.0998078577807988e-15 1.e-14
0.0002860453310446906 6.531211905694975e13 75.00000109999999 2.2834819068624856 -6.938783550184428e-9 2.7082528797634794e-15 1.e-14
0.00026842911646217876 7.157933161661205e13 80.00000109999999 2.2120261997331485 -6.306735330997117e-9 2.38649466492914e-15 1.e-14
0.0002528610418352944 7.801751925086372e13 85.00000109999999 2.1468999492010887 -5.765177896466062e-9 2.1188763837619322e-15 1.e-14
0.0002390034396335219 8.462099229242056e13 90.00000109999999 2.0872207543331047 -5.296955823322035e-9 1.8938975402578383e-15 1.e-14
0.00022658900909704164 9.138455913670983e13 95.00000109999999 2.032269356315898 -4.888880193709961e-9 1.7029569250454785e-15 1.e-14
0.00021540339347221656 9.830345862105767e13 100.00000109999999 1.981452801639573 -4.5306625582329635e-9 1.5395177581777499e-15 1.e-14
0.00019605433331819634 1.1259003944032195e14 110.00000121 1.8903278005667572 -3.932905414835357e-9 1.2760889767053833e-15 1.e-14
0.00017843261175646337 1.2896572045533662e14 121.000001331 1.8033370419947943 -3.413629886152342e-9 1.0574978733491215e-15 1.e-14
0.0001623862609688476 1.477366999754914e14 133.10000146410002 1.7203022259004905 -2.962615786330339e-9 8.761732482272315e-16 1.e-14
0.00014777627629105868 1.6925412718814797e14 146.41000161051002 1.6410514914280792 -2.5709558645374477e-9 7.258071650917739e-16 1.e-14
0.00013447558422642175 1.93920714152206e14 161.05100177156103 1.5654193678326314 -2.2308909751434416e-9 6.011479731283036e-16 1.e-14
0.00012236807379444682 2.2219832104669438e14 177.15610194871715 1.4932466670391564 -1.935665084162504e-9 4.978262714768337e-16 1.e-14
0.000111347701578082 2.5461666188903706e14 194.8717121435889 1.4243803822338919 -1.6793979857761231e-9 4.122088580675629e-16 1.e-14
0.0001013176629130229 2.917832972334908e14 214.3588833579478 1.3586735797786613 -1.4569736707303432e-9 3.4127632122308325e-16 1.e-14
0.00009218961371400105 3.3439509636904025e14 235.7947716937426 1.295985215223375 -1.2639424553557627e-9 2.8252054694763975e-16 1.e-14
0.00008388296319370347 3.8325139971348406e14 259.37424886311686 1.2361800064210224 -1.0964354003367198e-9 2.338590697780415e-16 1.e-14
0.00007632421646739591 4.392691253123497e14 285.31167374942856 1.179128270758417 -9.510894412600997e-10 1.9356352633352069e-16 1.e-14
0.00006944636871798254 5.035001107052904e14 313.84284112437143 1.1247057572877424 -8.249819743847241e-10 1.601999620839274e-16 1.e-14
0.00006318834492002506 5.771510162442331e14 345.2271252368086 1.0727934532691261 -7.155737305171143e-10 1.3257906527137e-16 1.e-14
0.000057494491706268443 6.616061876265735e14 379.74983776048947 1.0232774353641514 -6.20658967303144e-10 1.0971472763828639e-16 1.e-14
