0.00010705683208187703 224073.29717250593 1.e-9 5.976222424990291 -2.5079483005461175e-9 4.71735350865912e-27 1.e-14
0.00010705389626968242 266064.46845024626 2.e-9 5.9745045347500785 -2.5104565997899377e-9 9.453588509143285e-27 1.e-14
0.00010704778877145257 324833.2330326657 4.500000000000001e-9 5.970937594269307 -2.515673233044827e-9 2.135906487717147e-26 1.e-14
0.00010704322471000967 361916.7568433275 7.000000000000001e-9 5.968278091880839 -2.519570244555775e-9 3.332822964056696e-26 1.e-14
0.00010703963050459727 389906.66661390546 9.5e-9 5.966187347111575 -2.522638352928459e-9 4.534139285011747e-26 1.e-14
0.0001070366437140148 412721.8563077274 1.2000000000000002e-8 5.964452352971794 -2.5251874229949883e-9 5.738914369126863e-26 1.e-14
0.00010701889485176766 541953.0318603718 3.7e-8 5.95418723645604 -2.5403251467208366e-9 1.7907773886697719e-25 1.e-14
0.00010700852397564474 613357.0414786683 6.2e-8 5.948224590830178 -2.5491623500112375e-9 3.0216763393223887e-25 1.e-14
0.00010700082055112882 664960.747622483 8.7e-8 5.943812319352148 -2.5557227606336814e-9 4.261946536066732e-25 1.e-14
0.00010699457331020221 706067.865379629 1.12e-7 5.94024452189792 -2.561040660947304e-9 5.509500584301338e-25 1.e-14
0.00010695910431306065 929993.7555896634 3.62e-7 5.920162951008753 -2.5911924747660063e-9 1.8229265968086006e-24 1.e-14
0.00010693924959612167 1.050037970587499e6 6.12e-7 5.90904956070569 -2.6080402613905948e-9 3.122060168310754e-24 1.e-14
0.00010692476233113464 1.135762469305285e6 8.62e-7 5.900997436534034 -2.6203195613362813e-9 4.4389172311766896e-24 1.e-14
0.00010691313963774395 1.2035307283577272e6 1.112e-6 5.8945717925436085 -2.630162338581481e-9 5.769406775361865e-24 1.e-14
0.00010684863039023661 1.5660416128205648e6 3.6119999999999995e-6 5.859451345963199 -2.684652979341855e-9 1.952474262719596e-23 1.e-14
0.00010681328381845398 1.7563825346736375e6 6.111999999999999e-6 5.840588331680218 -2.7144083478442327e-9 3.377497011983216e-23 1.e-14
0.00010678774009184758 1.8907699581371888e6 8.611999999999998e-6 5.827119493776463 -2.7358659341364654e-9 4.834537220340225e-23 1.e-14
0.00010676737400428826 1.9961434618868977e6 0.000011111999999999998 5.816476775764269 -2.7529464100978067e-9 6.316100194987792e-23 1.e-14
0.00010671041502164009 2.283072964012099e6 0.000021111999999999997 5.787153379996319 -2.8005836425951265e-9 1.2419031721603974e-22 1.e-14
0.00010667171218896179 2.471938077962924e6 0.000031111999999999996 5.7675900623603855 -2.832838711983349e-9 1.8725477057271323e-22 1.e-14
0.00010664171532119004 2.615138084755662e6 0.000041111999999999995 5.752622909114443 -2.857773398321947e-9 2.5181723246069166e-22 1.e-14
0.00010661693818821575 2.7314125886387317e6 0.000051111999999999994 5.740386229516506 -2.8783257350576434e-9 3.175879529280044e-22 1.e-14
0.00010659568140541414 2.8297651848983685e6 0.000061112 5.72997747719255 -2.8959261211571914e-9 3.843817121387574e-22 1.e-14
0.00010657697816133419 2.915259808943369e6 0.00007111199999999999 5.720886348796967 -2.911387514958278e-9 4.520684381051047e-22 1.e-14
0.00010656022168132141 2.9910442352765976e6 0.00008111199999999999 5.712794265541222 -2.9252196896022324e-9 5.205510770800469e-22 1.e-14
0.00010654500418380164 3.0592163892125236e6 0.00009111199999999999 5.705488119745031 -2.937764974505047e-9 5.897540617463205e-22 1.e-14
0.00010653103739838711 3.121248455466263e6 0.00010111199999999999 5.698817886102289 -2.949265203618732e-9 6.596166629069425e-22 1.e-14
0.00010643035213842075 3.5538879584009564e6 0.00020111199999999998 5.651707402160003 -3.031759676337945e-9 1.3864007769173614e-21 1.e-14
0.00010636383509571504 3.8265093121933634e6 0.00030111199999999997 5.621485847019002 -3.0858432320447945e-9 2.150488107199848e-21 1.e-14
0.00010631292172140591 4.0285607687743166e6 0.00040111199999999996 5.598815136702314 -3.1270004595320147e-9 2.941594524156873e-21 1.e-14
0.00010627117477028233 4.190158587497617e6 0.000501112 5.580514005330976 -3.1605843099190544e-9 3.754316013052148e-21 1.e-14
0.0001062355336957038 4.325326041927352e6 0.000601112 5.565088966567675 -3.1891341918833504e-9 4.585241863357224e-21 1.e-14
0.00010620428397138042 4.441789569883994e6 0.000701112 5.551711819492581 -3.2140701472060485e-9 5.431995054283491e-21 1.e-14
0.000106176361027776 4.544279978905658e6 0.0008011120000000001 5.539872720327148 -3.2362725559659513e-9 6.292810899586155e-21 1.e-14
0.00010615105511166655 4.635913197065436e6 0.0009011120000000001 5.5292342890157675 -3.256327589237637e-9 7.166320283943658e-21 1.e-14
0.00010612786759638522 4.718854751718867e6 0.0010011120000000002 5.519561078599471 -3.2746465621446035e-9 8.051425820853313e-21 1.e-14
0.00010596146468112913 5.287222831576803e6 0.002001112 5.452131600363431 -3.4043553580881304e-9 1.7394118862142102e-20 1.e-14
0.00010585190970128052 5.637939178356512e6 0.0030011120000000002 5.409506915874063 -3.487841901934784e-9 2.738148819331195e-20 1.e-14
0.00010576807609115435 5.895087855738225e6 0.004001112 5.377751652222317 -3.5505349976533987e-9 3.7829409961858674e-20 1.e-14
0.00010569927472886422 6.099460169626791e6 0.005001112 5.352208784467255 -3.6011237387137645e-9 4.864116106960865e-20 1.e-14
0.00010564045024313964 6.269763856366899e6 0.006001112 5.330717780119513 -3.6437031199049607e-9 5.975564857842643e-20 1.e-14
0.00010558878071824455 6.416189762602359e6 0.007001112 5.312090958217572 -3.6805525781775627e-9 7.113025097754203e-20 1.e-14
0.00010554251870176649 6.544920663942828e6 0.008001112000000001 5.2956022598356824 -3.7130803348112623e-9 8.27332917658604e-20 1.e-14
0.00010550050166246336 6.659997542014048e6 0.009001112000000002 5.2807740218859 -3.742221347853429e-9 9.454016868022111e-20 1.e-14
0.00010546191434248425 6.764210164159407e6 0.010001112000000003 5.267274569013614 -3.768630117566133e-9 1.0653114216855016e-19 1.e-14
0.00010518149649553903 7.484869247418692e6 0.020001112 5.1721731958234844 -3.948993693139699e-9 2.33931273682548e-19 1.e-14
0.00010499187792021004 7.942809104052584e6 0.030001112000000003 5.11035066452687 -4.0575414082322934e-9 3.704456819668545e-19 1.e-14
0.00010484280754190884 8.290459504573043e6 0.040001112000000005 5.062874079285708 -4.1341160475958655e-9 5.127417186732127e-19 1.e-14
0.00010471715705942161 8.57683502929364e6 0.05000111200000001 5.023524463467555 -4.192242629484271e-9 6.590733423825973e-19 1.e-14
0.00010460688223815918 8.824088930602055e6 0.06000111200000001 4.989450267551556 -4.2382676021783005e-9 8.083460331141705e-19 1.e-14
0.00010450752464747811 9.044155660404025e6 0.070001112 4.959098050921029 -4.275711596687047e-9 9.5980500399317e-19 1.e-14
0.0001044163437077504 9.244210852437891e6 0.080001112 4.9315250901749685 -4.306743221321234e-9 1.1128976995267873e-18 1.e-14
0.00010433152981749255 9.428908895664549e6 0.090001112 4.906114941677497 -4.332798369202588e-9 1.2672027221012953e-18 1.e-14
0.00010425182343016755 9.601441979818072e6 0.10000111199999999 4.882441737534121 -4.354879589005532e-9 1.4223890343954537e-18 1.e-14
0.00010360942571137516 1.0969758408729723e7 0.20000111199999998 4.698973622215681 -4.458403608721251e-9 2.9816209884593252e-18 1.e-14
0.00010309922545353756 1.20472332146597e7 0.300001112 4.562632959390563 -4.469455911883378e-9 4.494624793374736e-18 1.e-14
0.00010264976942201487 1.3000832452321164e7 0.400001112 4.449262822551836 -4.446206003407519e-9 5.930640834556806e-18 1.e-14
0.00010223768805183235 1.388349994279293e7 0.500001112 4.350591390845766 -4.407180707039678e-9 7.283731868172182e-18 1.e-14
0.00010185216979776856 1.4719128508546608e7 0.600001112 4.262568481525072 -4.360377751669423e-9 8.555818218517872e-18 1.e-14
0.00010148719390631886 1.5520672908694671e7 0.7000011119999999 4.1828109280176085 -4.3098013986251445e-9 9.751569241225078e-18 1.e-14
0.00010113898394082435 1.6296018596721154e7 0.8000011119999999 4.109750968890384 -4.257635184272899e-9 1.0876489535714552e-17 1.e-14
0.00010080496554252009 1.7050366625178155e7 0.9000011119999999 4.042278473442547 -4.205132503017552e-9 1.1936133821094127e-17 1.e-14
0.00010048327301514259 1.778735638799034e7 1.0000011119999999 3.9795659278073803 -4.153033650302501e-9 1.2935780759980893e-17 1.e-14
0.00009773275552731681 2.457970824144895e7 2.0000011119999996 3.5179585055930094 -3.6977404604988653e-9 2.050993817333482e-17 1.e-14
0.00009551856952608126 3.080460031198863e7 3.0000011119999996 3.2191015254335564 -3.3579521960801642e-9 2.5370656044162113e-17 1.e-14
0.00009363540822403184 3.672864105496022e7 4.000001112 3.001008637428622 -3.0962107545936216e-9 2.875957110574215e-17 1.e-14
0.00009198556739498883 4.2458001342173144e7 5.000001112 2.831111270621552 -2.8866001784577527e-9 3.1246734162793365e-17 1.e-14
0.00009051176768718405 4.804892502223737e7 6.000001112 2.693069753132269 -2.7135592821111978e-9 3.313532403997219e-17 1.e-14
0.00008917671352474444 5.3535705558108754e7 7.000001112 2.577540807192765 -2.5673312306348036e-9 3.460375114796444e-17 1.e-14
0.00008795444746150529 5.894113479678989e7 8.000001112 2.478698177846393 -2.4414773020290026e-9 3.576487346925363e-17 1.e-14
0.00008682603143673804 6.4281280386025324e7 9.000001112 2.3926748311996677 -2.3315562679731716e-9 3.66940482911466e-17 1.e-14
0.00008577714950088472 6.956796891025643e7 10.000001112 2.3167796765648623 -2.2343901430775912e-9 3.744374899986166e-17 1.e-14
0.00008140477596064659 9.545581284521885e7 15.000001112 2.03570475903786 -1.8746348021304633e-9 3.953537889617482e-17 1.e-14
0.000078000277224219 1.2080804670305237e8 20.000001112 1.8484526772236 -1.6369010897059453e-9 4.0191679896864947e-17 1.e-14
0.00007520523054157624 1.4588997075195917e8 25.000001112 1.7108852084379098 -1.4643916067095972e-9 4.020830387224369e-17 1.e-14
0.00007283274692877196 1.708337240504453e8 30.000001112 1.6036682708270076 -1.3317550359562463e-9 3.990535968454212e-17 1.e-14
0.00007077184962360849 1.9571443446207303e8 35.000001112 1.5167181289619478 -1.2256631843799747e-9 3.9434070093418777e-17 1.e-14
0.00006895081902809584 2.2057846181297135e8 40.000001112 1.444155874875276 -1.1383227813603465e-9 3.887336371759814e-17 1.e-14
0.00006732043947671857 2.4545603261826947e8 45.000001112 1.382276238618664 -1.0648213044091335e-9 3.826724979404667e-17 1.e-14
0.00006584538504287943 2.703676302116593e8 50.000001112 1.3286048987683348 -1.0018833060019186e-9 3.764138179384434e-17 1.e-14
0.00006449939554338713 2.953275213320058e8 55.000001112 1.2814139894829855 -9.472274697865979e-10 3.701114577842877e-17 1.e-14
0.00006326239331618866 3.2034583456507856e8 60.000001112 1.2394531137854914 -8.992083933068349e-10 3.638590873105784e-17 1.e-14
0.00006211866916371968 3.454298510851267e8 65.000001112 1.201790666272514 -8.566048581437611e-10 3.577137990799604e-17 1.e-14
0.00006105569203126488 3.705848380057044e8 70.000001112 1.1677155194859639 -8.184885440511737e-10 3.517098413772423e-17 1.e-14
0.00006006330068215159 3.9581460679626954e8 75.000001112 1.1366735953935754 -7.84139323961724e-10 3.458668997810748e-17 1.e-14
0.00005913313827822261 4.2112189723687667e8 80.000001112 1.1082255230943736 -7.529887547072297e-10 3.401952435580405e-17 1.e-14
0.00005825824703903913 4.465086481414455e8 85.000001112 1.082017539525947 -7.245812835986589e-10 3.34699002673844e-17 1.e-14
0.000057432771121889373 4.719761922166701e8 90.000001112 1.0577609826591525 -6.985469496556259e-10 3.29378296659048e-17 1.e-14
0.00005665173479362168 4.975253986717357e8 95.000001112 1.0352175195148523 -6.745817536730831e-10 3.242306402471196e-17 1.e-14
0.00005591087391922156 5.231567781258802e8 100.000001112 1.014188296759587 -6.524332715507305e-10 3.192518839198728e-17 1.e-14
0.00005453542971784782 5.746667780571067e8 110.00000122320002 0.9760278994973459 -6.127728781652115e-10 3.0977974862202444e-17 1.e-14
0.00005316293313350019 6.31707635311959e8 121.00000134552003 0.9390410509848138 -5.750170041724502e-10 3.0005993707853615e-17 1.e-14
0.00005179503223484949 6.949078919034754e8 133.10000148007205 0.9032081123932197 -5.39117366409132e-10 2.901389048044261e-17 1.e-14
0.000050433343426128454 7.649704400510741e8 146.41000162807927 0.8685087144507829 -5.050233208486842e-10 2.8006244470782384e-17 1.e-14
0.000049079445046392434 8.426815473343955e8 161.0510017908872 0.8349218501168439 -4.726822061754017e-10 2.6987533954211245e-17 1.e-14
0.00004773487122253412 9.289209937824552e8 177.15610196997594 0.8024259593440923 -4.420396756805251e-10 2.596210382514468e-17 1.e-14
0.000046401106197638335 1.0246734651091315e9 194.87171216697354 0.770999009741449 -4.130400157934761e-10 2.4934135866150856e-17 1.e-14
0.000045075625180697716 1.130853887611076e9 214.3588833836709 0.7405445106075115 -3.856511121909462e-10 2.391067992125185e-17 1.e-14
0.000043771658533683156 1.249259140897143e9 235.794771722038 0.7112618790906072 -3.597414427937768e-10 2.288634175765991e-17 1.e-14
0.00004247864907435745 1.380709560656436e9 259.3742488942418 0.6829059055047153 -3.3532695613375055e-10 2.187384111781908e-17 1.e-14
0.0000412017863693671 1.526941768459588e9 285.31167378366604 0.6555274105637228 -3.1232473471400785e-10 2.0873417727789988e-17 1.e-14
0.00003994223452049537 1.6896917772212272e9 313.84284116203264 0.629103005279526 -2.90676541959549e-10 1.9888107557896702e-17 1.e-14
0.000038701082910524984 1.8709054124308112e9 345.2271252782359 0.6036092003420009 -2.7032439481264074e-10 1.892067622618412e-17 1.e-14
0.00003747934409861933 2.07276413818379e9 379.74983780605953 0.5790224571199215 -2.512107784709227e-10 1.797361352567471e-17 1.e-14
0.00003627795209911938 2.2977140853265324e9 417.72482158666554 0.5553192329455938 -2.332788449727699e-10 1.7049131412375222e-17 1.e-14
0.00003509776103956718 2.5484986900083637e9 459.49730374533215 0.5324760235892605 -2.1647259455324253e-10 1.614916514173188e-17 1.e-14
0.00003393954498393504 2.8281954313446794e9 505.4470341198654 0.510469407831944 -2.007370388177164e-10 1.5275377177990623e-17 1.e-14
0.00003280399748079155 3.140257110394512e9 555.991737531852 0.4892760832121699 -1.860183480323463e-10 1.4429163931993327e-17 1.e-14
0.00003169173212090989 3.4885582992056417e9 611.5909112850372 0.4688729026571268 -1.7226398061337027e-10 1.3611664725101767e-17 1.e-14
0.00003060328341643438 3.8774475921866136e9 672.750002413541 0.44923690881607514 -1.5942279587559792e-10 1.2823772770444392e-17 1.e-14
0.000029539108103015746 4.311806377013581e9 740.0250026548952 0.43034536524944844 -1.4744515057266042e-10 1.2066147866850173e-17 1.e-14
0.000028499586887981487 4.79711496663464e9 814.0275029203848 0.4121757865382357 -1.362829794477821e-10 1.1339230432260624e-17 1.e-14
0.000027485026493629246 5.339526981308685e9 895.4302532124234 0.39470596462332874 -1.2588986082769102e-10 1.0643256623631626e-17 1.e-14
0.00002649566212285817 5.945953066626062e9 984.9732785336658 0.3779139948454168 -1.1622106752540587e-10 9.978274164641435e-18 1.e-14
0.000025531660006746504 6.62415505762608e9 1083.4706063870326 0.3617782978829297 -1.072336043542767e-10 9.344158677892041e-18 1.e-14
0.000024593120547568455 7.382851987638819e9 1191.817667025736 0.3462776420617907 -9.888623261165323e-11 8.740630172648734e-18 1.e-14
0.00002368008125112544 8.231839331070957e9 1310.9994337283097 0.33139116129423773 -9.113948298536327e-11 8.16726954131711e-18 1.e-14
0.000022792520098343212 9.182123233536154e9 1442.0993771011408 0.3170983726592743 -8.395565741189132e-11 7.623534781526503e-18 1.e-14
0.000021930358993541608 1.024607156807602e10 1586.309314811255 0.3033791915355221 -7.729882109023215e-11 7.108776801029865e-18 1.e-14
0.000021093467199525645 1.1437583942312145e10 1744.9402462923806 0.290213944789102 -7.113478557390727e-11 6.622254641889026e-18 1.e-14
0.00002028166494779916 1.2772283044530361e10 1919.434270921619 0.27758338218125844 -6.543108390159751e-11 6.1631499955308675e-18 1.e-14
0.00001949472693792432 1.4267730019362421e10 2111.377698013781 0.265468686119652 -6.01569387150971e-11 5.730580907953142e-18 1.e-14
0.000018732386058506374 1.5943666920695208e10 2322.5154678151594 0.25385148004900515 -5.5283224277605654e-11 5.3236145979282735e-18 1.e-14
0.000017994336804870686 1.7822289607992073e10 2554.7670145966754 0.24271383479378222 -5.0782423321486415e-11 4.941279344294009e-18 1.e-14
0.000017280238811846435 1.9928554944041992e10 2810.243716056343 0.23203827343323968 -4.662857953012352e-11 4.582575404163872e-18 1.e-14
0.000016589720243432078 2.2290526613676815e10 3091.268087661978 0.22180777474416455 -4.279724644934873e-11 4.246484949814593e-18 1.e-14
0.000015922381153493707 2.493976448698238e10 3400.394896428176 0.21200577569782791 -3.926543355264737e-11 3.931981024662106e-18 1.e-14
0.0000152777966365971 2.7911762885681843e10 3740.4343860709937 0.20261617195090473 -3.6011550190300186e-11 3.638035544874893e-18 1.e-14
