7.410928765688457e-10 1.0325628705143124
1.4821857555583887e-9 1.0325630339409844
3.3349179636218255e-9 1.032563550212433
5.1876501868174005e-9 1.0325641630874416
7.0403824251422755e-9 1.0325648436819101
8.893114678594894e-9 1.0325655779802576
2.7420438045224628e-8 1.0325747410320336
4.594776292481605e-8 1.0325859369802808
6.447508931734875e-8 1.0325984594816167
8.300241722276525e-8 1.0326136536872754
2.6827577948881817e-7 1.0327827200095423
4.535492930482622e-7 1.0329886523226297
6.388229579002594e-7 1.0332177821976043
8.240967740448062e-7 1.0334657641384188
2.6768432564811686e-6 1.036543895453057
4.529604867706394e-6 1.0402780462551307
6.382381607291608e-6 1.0444343653002537
8.235173474831759e-6 1.0489142031065712
0.000015646492216143596 1.0691381538141593
0.0000230580529712964 1.0919998050905007
0.00003046985571357236 1.1167730997681509
0.0000378819004163157 1.143067613662241
0.000045294187052842146 1.1706286047597354
0.000052706715596436924 1.199272290420475
0.00006011948602049432 1.228866444680125
0.00006753249829818444 1.2593021530698438
0.00007494575240301623 1.2904910905111002
0.00014909158807382394 1.6319874000887065
0.00022326157713293586 2.00611070657252
0.0002974556929558427 2.3964342029610197
0.0003716739089475437 2.7939947190379333
0.00044591619854191314 3.1931421988992144
0.0005201825352022154 3.590049361907983
0.0005944728924207078 3.982056858032655
0.0006687872437189154 4.367289951366065
0.000743125562647393 4.744427554666739
0.0014878211734951749 7.973736454260834
0.0022348846535190214 10.285693567593423
0.0029842900561927576 11.934280411337145
0.003736011687325226 13.132503374112735
0.004490024148590671 14.022375777240354
0.005246302325674099 14.696102969285718
0.006004821386388437 15.214372949745878
0.006765556778796678 15.618083197509291
0.007528484229243802 15.93551531238559
0.015273176545870038 16.997742596932913
0.02321235766372805 16.851451665640415
0.031325999636491936 16.447313554607444
0.03959635194560989 15.983141396604031
0.04800770271323656 15.51999402177877
0.05654615021461563 15.079897315379911
0.06519939000346174 14.670769585487575
0.07395652467176494 14.294698153284557
0.08280788822060467 13.951198908425102
0.17500402165211876 11.878552605055875
0.2711119910739567 11.23017611745131
0.3691633809308054 11.263425857688839
0.4683154360003474 11.700100430815835
0.5681550671320821 12.42254828846675
0.6684580652621829 13.376233014402915
0.7690927595394391 14.535091330676108
0.8699768182937899 15.887433855990901
0.9710560442011131 17.429542290206076
1.9877138354244135 44.541652343421305
3.0098716874309472 101.05765756065725
4.035099312753617 203.66269866029228
5.0624727094862765 375.44353894116085
6.091478687601741 647.0503433308317
7.121787033469824 1058.2348991866702
8.15316776714306 1659.6164686623813
9.213579820870756 2553.852224776399
10.251632473687003 3764.561391960728
15.392534191922543 18759.42850629438
20.57660604505433 67698.6080613442
25.767332951766246 197683.44458692498
30.962886712528928 498438.4622730071
36.16214844804407 1.1273923278425632e6
41.364374025406796 2.344339576393669e6
46.569040801977586 4.557784050329211e6
51.77575797297055 8.385465123356863e6
56.98423634985714 1.4731484384031009e7
62.19424542468405 2.488360181935038e7
67.40560078365701 4.063330818257512e7
72.61815213290367 6.4422799686905034e7
77.83177805272143 9.952146740674865e7
83.0463730799655 1.5023899504686725e8
88.2618607447391 2.2217413988073242e8
93.47813726395015 3.225198795794779e8
98.69515616611216 4.6039496644221747e8
103.91286256050827 6.47251208518452e8
114.35011536041742 1.2281983816068377e9
125.83363505598108 2.3532934239726067e9
138.46818848948107 4.551623310870215e9
152.36897229494778 8.884900193637789e9
167.6627509278641 1.749987758196519e10
184.48903002107784 3.476594756205584e10
203.00118924286147 6.964975115711235e10
223.367902184101 1.4068565167948853e11
245.77488089537346 2.864041418402016e11
270.42633311564833 5.87486449092115e11
297.54685197887386 1.2139035814066611e12
327.38342596857007 2.526436859881023e12
360.2082021147403 5.292885984076739e12
396.31987450059205 1.1162584796682934e13
436.0474714451876 2.368830722020411e13
479.75278883832164 5.0577479309268555e13
527.833961584021 1.086044757209485e14
580.7287004454481 2.3450371611147112e14
638.918602877985 5.090652690934139e14
704.5878639144877 1.1383119599821848e15
773.3566786335899 2.4344540919998175e15
850.8288334379405 5.360340338698031e15
936.0550351574159 1.1854891331272192e16
1029.8111053978607 2.632549281228021e16
1141.37336396264 6.370684472970242e16
1246.4118881617399 1.313783559650127e17
1371.2279437292696 2.9498425912052736e17
1543.2127274309883 8.601630891280544e17
1659.580491393805 1.503028332234574e18
1875.8411410571089 4.649149528629849e18
2014.2623571860033 8.009057849369647e18
2209.6048474435474 1.7674149522419147e19
2430.800229544562 4.042274078906265e19
2780.0900973297416 1.473632298221636e20
2941.7992161384723 2.1268679151188797e20
3236.2518033937067 4.8890822627965305e20
3560.1636143610403 1.1262914594846225e21
3916.4803251277626 2.5996983980302076e21
