2.1380642003204813e-9 1.0339979604420555
4.265822232306441e-9 1.0339985536564746
9.606719558165108e-9 1.0340039105023209
1.4946172555709407e-8 1.0340078673783548
2.028801197018878e-8 1.0340179803790994
2.561838240078333e-8 1.0340215261816215
7.903655059491537e-8 1.0340928405775167
1.3247728656085123e-7 1.034162094712498
1.859475204091693e-7 1.0342486024129016
2.39436164212512e-7 1.0343278253109884
7.750092946004845e-7 1.035270595285337
1.3114023382837658e-6 1.03638717732405
1.8483611798816534e-6 1.0376053450986105
2.3857678397089615e-6 1.0389181777081231
7.774979674997208e-6 1.0551665231464191
0.000013181417399679418 1.0749373113006795
0.00001859923006488939 1.0970381067263817
0.0000240258584918731 1.1209275990152632
0.0000457961697815341 1.2293999223730514
0.00006764016276913854 1.3524597119377997
0.00008953825219774394 1.4857949939187962
0.0001114797303228553 1.6269467596656126
0.00013345769867592708 1.7742619306358745
0.00015546728024533947 1.9265350476467806
0.00017750481431656333 2.0828234130903076
0.00019956745421233956 2.242386003402217
0.00022165289962794294 2.4045967568933464
0.0004434517411037434 4.086514957231195
0.0006664334399653227 5.7317575867107395
0.0008901998681568388 7.249458150648773
0.0011145402130570046 8.614504477016084
0.0013393208114495692 9.827660414430289
0.0015644482140129738 10.900080536742694
0.0017898528921396306 11.846394568766113
0.0020154816859246695 12.681624733852086
0.0022412897155687952 13.419842906831013
0.004503511345742446 17.558270528643575
0.006763570819692253 19.048699585984636
0.009014567887109866 19.629186937631104
0.01125317436204911 19.82064138353146
0.01347753963461002 19.821956640047997
0.01568657839681552 19.72270538905501
0.01787965573530606 19.568050651570463
0.02005642260634823 19.382641205902466
0.02221672103251342 19.180743769620122
0.042939396259965075 17.19138498549532
0.06224085967942935 15.714528649479808
0.08039319477737983 14.643704964058145
0.09762140042404299 13.841335195993018
0.11409892232409999 13.221732500948262
0.1299587542521382 12.731695398123506
0.14530379320093414 12.336986583374724
0.16021473875427042 12.014643095292042
0.17475567503038628 11.748681926465627
0.3077293526546253 10.64776727127528
0.429463600389807 10.712309627965064
0.5463131439785867 11.252297793124404
0.6605396605920285 12.089579942128154
0.7731767509348233 13.159267550046716
0.8847706998889968 14.434848395980264
0.9956395650549646 15.906244984304918
1.1059819074456558 17.571603237317373
1.2159284348068893 19.433729679790094
2.3052345243065995 50.81395816051464
3.38759593906236 114.83692290271294
4.4674460707513175 229.94607796378145
5.545919939895153 421.36669055327104
6.623483463541007 722.427878391591
7.700380300000335 1176.1986258443558
8.77675785729336 1837.3479227386154
9.852713588972692 2774.2340160588265
10.928317134181176 4071.2301959936617
16.30250493955578 20380.839153414126
21.672402307359505 72907.27014650904
27.039515456169354 211427.34117891706
32.40462495946394 530058.4242162176
37.768201288035286 1.1930745111664108e6
43.13055787574336 2.470381705606683e6
48.49190833294667 4.784731870319386e6
53.85242031672185 8.772877361789886e6
59.21219879018411 1.5364705941019792e7
64.57135299867944 2.5879843451354045e7
69.929956083345 4.214949875953194e7
75.28806169748016 6.666455890822533e7
80.6457389706279 1.027489586459349e8
86.00300273535801 1.5478576497394377e8
91.35991029904302 2.2844374940706947e8
96.7164874702602 3.3099468531134945e8
102.07276487176289 4.7164085264005536e8
107.42875262784581 6.619385148039494e8
118.13998743625504 1.252099595229823e9
129.92129721425368 2.3914396208265104e9
142.87965979169405 4.610762546434744e9
157.1326923861701 8.971924012691107e9
172.80983182392913 1.7614528313925705e10
190.05338482651305 3.488589571056952e10
209.0199426056931 6.967368542897714e10
229.88189127864936 1.402671676751229e11
252.8284677870668 2.8465031569984784e11
278.06819040762224 5.820578281904869e11
305.83020047894485 1.19901859549575e12
336.3667943307269 2.487467438628064e12
369.9552595930028 5.195419609957913e12
406.90075336508653 1.0920914378420484e13
447.5387708368679 2.3104112198181414e13
492.2385275077187 4.917360896378378e13
541.40610482876 1.0526406173343892e14
595.4881557987836 2.265890149735755e14
654.9760589886114 4.903225700574428e14
720.4102022851487 1.0663262738005649e15
792.3852090103634 2.3305296650257435e15
871.5551520191493 5.11499464690087e15
958.6388568517674 1.1281714872995308e16
1054.428296543682 2.4972078531574944e16
1159.79329940626 5.550727027770338e16
1275.691450126427 1.2384279216571797e17
1403.175955814631 2.7729074530850205e17
1543.4052858240757 6.229813913541485e17
1697.6537231243672 1.4039564272826557e18
1867.322750609788 3.1747977159160863e18
2053.9546822416382 7.195144026553474e18
2259.2455441902207 1.6350257077421117e19
2485.0606610308937 3.725748385158139e19
2733.452471330744 8.509802979885816e19
3006.6778986375944 1.947209178388511e20
3307.220798396646 4.4749535396610513e20
3637.8130067839916 1.0278975391137598e21
4001.4579865037203 2.367419090726279e21
