1.2626598520328433e-9 1.0098138825099081
2.529998586429446e-9 1.0099023658266377
5.68888181395567e-9 1.0098745062644996
8.812132300434517e-9 1.0096753762331856
1.1967817244402375e-8 1.0097080822911364
1.5091347658441463e-8 1.0096298316098697
4.6746023824192444e-8 1.0098400039563433
7.842523577867505e-8 1.0098961670904223
1.0975544198992073e-7 1.0097655531124647
1.4175125583042513e-7 1.0099205763359853
4.578555281791351e-7 1.0098735999017607
7.722003234813988e-7 1.0097449482099623
1.0899732691395108e-6 1.0098322363551862
1.4071869883252273e-6 1.0098528549747536
4.567594741698322e-6 1.0096621526357337
7.714889787370524e-6 1.0094190763551698
0.000010864087297102286 1.0092330990907878
0.000014010120386942678 1.009044768023405
0.000026648519796747192 1.0084543080738906
0.0000392521393971116 1.0077776241150755
0.00005177231013524119 1.00704323310709
0.000064445445074653 1.0064319310248058
0.0000769173589764588 1.0056993355088277
0.00008960809530870414 1.0050795094450886
0.00010217601699527282 1.0044017992489684
0.00011485925187546629 1.0037633692866414
0.00012743842530623853 1.0030878785947497
0.0002531105675953206 0.9964152150759179
0.0003787058073875024 0.9899307896840771
0.0005043013295857053 0.983662954811771
0.0006304591519638486 0.9776185334912186
0.0007548739352935739 0.971856818222531
0.0008814998489726856 0.9662775877185995
0.0010077582925688204 0.9609448905427707
0.0011342903632416688 0.9558329096767666
0.0012605263320346267 0.9509568691026757
0.0025175914979412954 0.9126163394309453
0.0037779964211412647 0.8867460810704921
0.005039168136227484 0.8678749147901247
0.006305277214042373 0.8530532682159073
0.0075590981834678566 0.840963431310722
0.008811340110504978 0.8305949193380904
0.01007387713543029 0.8213685741485609
0.01133688453198364 0.8130813160071481
0.01258731227740579 0.805618603417537
0.025060181386111987 0.7550894384870135
0.03736566694378086 0.7316297853336696
0.04950454084875405 0.7256620714388508
0.061559287655064125 0.7323172806066044
0.07340808093336738 0.7482802097059866
0.08510666147140895 0.7712916964431744
0.0967565176026125 0.7999923202008553
0.10849528279578809 0.8337010761759591
0.11996355445715436 0.8705795653964314
0.23213456084223782 1.361988265997755
0.3412275563371298 1.9913984350444744
0.44889333026217637 2.736258123254798
0.5557301510771556 3.5988999322359687
0.662150281030086 4.587121394504262
0.7682413437311552 5.708495264558655
0.8739855849166756 6.970317759557591
0.9796813765191003 8.384757129924122
1.0852530673041847 9.96022854350595
2.1376792446796573 37.019328481143845
3.18836657934421 94.25985614463386
4.238493409348918 199.57583511056
5.2883783313914074 377.2807808392398
6.338136283101653 659.5452191018519
7.387819022164314 1088.0329370013828
8.43745317895741 1715.743997913572
9.487054405616593 2609.0802425073553
10.536631743904401 3850.1450763884436
15.784317270752934 19590.052654971696
21.031838044238956 70675.35293640064
26.279282013120927 206116.47833740318
31.526679766586597 518950.10025913554
36.7740469487486 1.1721213461913941e6
42.02139104875334 2.4341170597164733e6
47.268717060538904 4.7265570549373925e6
52.516028097417255 8.686217140214177e6
57.763326406288 1.524424321303122e7
63.01061388161491 2.5725549258266848e7
68.25789175129557 4.19717974402706e7
73.50516035706693 6.6491467757713534e7
78.75241998058023 1.0264159081451607e8
83.99967492190014 1.5484295883688346e8
89.2469213739674 2.2883911531597516e8
94.49416195232405 3.319959544677354e8
99.74140046374389 4.73652743595974e8
104.98862799364738 6.655366632265311e8
115.483074801533 1.261684639627425e9
127.02693486356401 2.41517507668537e9
139.7251735023241 4.66711342205668e9
153.6932036693792 9.102290637935713e9
169.05801624555747 1.791178868452837e10
185.95927454575423 3.555541148864882e10
204.5506302702679 7.117572880322426e10
225.00107368020932 1.4365098140190436e11
247.496535756911 2.922202429175698e11
272.2415055023898 5.98996494115133e11
299.4609270421397 1.2368983471727444e12
329.40224489704747 2.5723136655886475e12
362.3376416923163 5.386168376353979e12
398.56652734069837 1.1352241961191346e13
438.41824489108615 2.407807127662592e13
482.25507397526894 5.137845643573823e13
530.4755225333512 1.102701169550955e14
583.5179491025224 2.3798483502906353e14
641.864549464654 5.1633933533467144e14
706.0457388329296 1.1259497970554908e15
776.6449750182265 2.467103041690572e15
854.3040625608307 5.430755062803741e15
939.7289868435871 1.2007156351811778e16
1033.696338927671 2.665721111478857e16
1137.060467143111 5.941150221401878e16
1250.7607333773205 1.3294314568845046e17
1375.83110107371 2.984997632355236e17
1513.4084810909355 6.724305214274515e17
1664.7436430886205 1.5197717051980908e18
1831.2122550666597 3.445329915753801e18
2014.3278445900212 7.832534179622616e18
2215.7551883909705 1.7849136062503254e19
2437.3255115532547 4.079296474297707e19
2681.052706993172 9.344038409106538e19
2949.1532151070433 2.1451351670425226e20
3244.064130987444 4.9363328225310717e20
3568.4668065204323 1.138027219274121e21
3925.310627030223 2.6280838753591776e21
