1.265518993747241e-9 0.9965306925438776
2.527089893107543e-9 0.995919965564683
5.692570464850024e-9 0.9953224004893482
8.849486019657133e-9 0.995098100254773
1.2023533226663152e-8 0.9949413484785599
1.5163923669946033e-8 0.9948830017264076
4.6674138069850396e-8 0.9946020482481382
7.81947721554189e-8 0.994510124238473
1.0979930128179998e-7 0.9944456055405273
1.4160683651136217e-7 0.9943764275107531
4.576859891992807e-7 0.9942830219664115
7.730397569767018e-7 0.9942874666418378
1.0900886081578434e-6 0.9942635175196021
1.4073360034463926e-6 0.994253737507033
4.564156251447587e-6 0.9944222041395737
7.715906911881839e-6 0.9946026161723653
0.000010825631036361744 0.9948539215153434
0.000014023770835892882 0.9949423866534994
0.00002653249770846694 0.9956991777966521
0.000039152356624074185 0.9963528778424399
0.00005186970461068232 0.9969890563106575
0.00006445543305228455 0.9976793965921192
0.00007692632090138687 0.9983891313199874
0.00008962190993951702 0.9990527562222337
0.00010218781366231813 0.9997392491794725
0.00011487214572718495 1.0004112780723626
0.00012723932204880737 1.0011146492684107
0.00025290576533759846 1.0079082357219988
0.0003782731433006031 1.0146680748695591
0.0005017670287580037 1.0213382798691812
0.0006309518081618833 1.0281824745147676
0.0007569772762219571 1.0349064644416441
0.0008830061946337694 1.0416127125672792
0.0010078762950378483 1.0482384989558404
0.0011337679228221166 1.054895692576129
0.0012603866861813284 1.0615737474088913
0.0025189160980188807 1.1268771889537739
0.0037794224843950043 1.190424919928328
0.005044619156958457 1.2524632049006938
0.006300406636570722 1.3121867658262771
0.007560995197344215 1.3705479519449943
0.008821498161716707 1.4273095845631165
0.010071812278670043 1.4819561547856672
0.011336279382660594 1.5359508103868043
0.012576003363603813 1.5871683859300227
0.025048110939750068 2.0383359616418346
0.037369671217904424 2.3919793759747163
0.04950454084693162 2.676760986331411
0.061559287653973005 2.91517054522265
0.07340808093401416 3.116488589138614
0.08510666147049725 3.291245511759436
0.09675651760294272 3.4475898774103326
0.10849528279586877 3.5919494121706097
0.11996355445700128 3.7212070572996017
0.23213456084235756 4.733594741981988
0.34122755633559476 5.630236468745012
0.44889333026180744 6.584060507028185
0.5557301510770187 7.639748124461478
0.6621502810334732 8.818641770560983
0.7682413437394645 10.132830719591773
0.8739855849156645 11.591163376463484
0.979681376519365 13.20777924251837
1.085253067304464 14.991061029453695
2.1376792446800756 44.468618595511266
3.1883665793449016 104.81337712855431
4.23849340934976 214.03746623316337
5.288378331392434 396.60980101543254
6.338136283102871 684.8874003814215
7.387819022169509 1120.7507634757067
8.437453327295993 1757.4477337140668
9.487054444346713 2661.6628967406145
10.53663166341167 3915.8179996039953
15.78431727120829 19768.613853326242
21.03183808633273 71098.80052683118
26.279282463809146 207027.2551396071
31.526679850507794 520768.4918601699
36.77404696279727 1.1755410102547996e6
42.021391048859236 2.4402381061451472e6
47.26871710454976 4.737060553943897e6
52.51602811841408 8.703626932007737e6
57.76332646966595 1.5272169111325994e7
63.01061327104305 2.5769246170971546e7
68.2578914727817 4.203840815730675e7
73.50515903856 6.659095438654815e7
78.75241997439556 1.0278695177890047e8
83.9996747063043 1.5505197691481414e8
89.24692161485947 2.291346743534982e8
94.49416210726622 3.324079707017357e8
99.74140056435272 4.742193849465751e8
104.98862800080137 6.663080102802937e8
115.48307490980237 1.2630578248177283e9
127.02694637256657 2.4176259451423464e9
139.72517297209592 4.6716513778272295e9
153.693203696737 9.110677936658453e9
169.05801509953574 1.7927493093656097e10
185.95927451448694 3.5585030623756966e10
204.55063011888726 7.123224663203452e10
225.00107370539132 1.43759848064138e11
247.49653577643443 2.924318708238918e11
272.24150586385133 5.994110169569148e11
299.4609273721131 1.237718474005937e12
329.40224456479467 2.5739475654808984e12
362.33764155225106 5.389421399825676e12
398.56652753825193 1.1358862098366596e13
438.41824512596145 2.4091578887829402e13
482.25507396700823 5.14061043706421e13
530.4755225267645 1.1032708445110762e14
583.5179833509609 2.3809431716318016e14
641.8645497231926 5.1658187852859475e14
706.0457388224479 1.126464646084729e15
776.6449748712997 2.468181853572089e15
854.3040625105849 5.43315350304622e15
939.7289867969207 1.201202499296512e16
1033.6963387764918 2.666849017291616e16
1137.0603608351523 5.9440831180338056e16
1250.7607334325032 1.3299161344797056e17
1375.8311018891015 2.985437133563266e17
1513.4084807008946 6.726837797263983e17
1664.7435997772905 1.5202812837692196e18
1831.2122550191123 3.446401193481148e18
2014.3278446728843 7.834832694846244e18
2215.7551859974246 1.7856036068442202e19
2437.3252772116157 4.081510518761149e19
2681.0529332514693 9.34483180016359e19
2949.1532148024844 2.1456770020419486e20
3244.0641477525214 4.936875119295232e20
3568.46681565231 1.1381913684015579e21
3925.310625063709 2.6289044938744403e21
