1.7785195538255584e-9 1.01141123440554
3.5756005134699118e-9 1.0070750888965645
8.10121322854824e-9 1.0017302040673137
1.2654302219334312e-8 0.9988851141064291
1.7226040711248137e-8 0.9970170665985801
2.1812197821891243e-8 0.9956564623464366
6.814519117592241e-8 0.9900511486483156
1.1498478303585983e-7 0.9880063432308345
1.6214425332627883e-7 0.9868612930009915
2.0954506299813632e-7 0.9860473392133955
6.912757443393202e-7 0.9831353255547256
1.1812426615365836e-6 0.9821403424762828
1.6764146424158999e-6 0.9815705619246298
2.1755263134045084e-6 0.9811856711710433
7.2946507165355545e-6 0.979755574638114
0.000012549277970117269 0.979348513308197
0.00001789240219498744 0.9792053422768143
0.00002330228584284943 0.9791939670316505
0.00004542183496100031 0.9796709252261143
0.00006809343271503576 0.9805368782884384
0.00009117184082952964 0.9815820975701872
0.00011457891039060164 0.9827404497320441
0.00013826446421549902 0.9839779756341633
0.00016219364445921588 0.9852733686168462
0.00018634016538685981 0.9866168767337381
0.0002106838821225685 0.9879956700512773
0.00023520828388137204 0.989417039168004
0.00048819125251915713 1.0047514368423704
0.0007514609912623413 1.021353457078981
0.0010221920896281564 1.0386943130791366
0.0012988744822193014 1.0565370407754087
0.0015805456764154012 1.0747505819364054
0.0018665255380805029 1.0932364380967274
0.002156300081891034 1.1119316614429788
0.002449470371791095 1.1307871540386552
0.0027457112047111908 1.149759191990615
0.005832624013930362 1.3407520751954327
0.00906731388066352 1.5257726482919445
0.012389026332882903 1.6998737785158988
0.015764449690155124 1.8617323881378833
0.019172167999417792 2.0114207408590623
0.022597291380720707 2.1495124846327007
0.026028978381394487 2.276923689670387
0.029459103637656282 2.3945700431097627
0.03288146784110855 2.503348472075793
0.06601281261417681 3.2558339691013765
0.09657319527461562 3.683934278918478
0.12472877548227108 3.9752830996864894
0.1509074197157654 4.199912567397208
0.17549314455272563 4.388342966324644
0.19878953428570234 4.55547811716679
0.2210300987450563 4.709367950211519
0.24239516735100866 4.854709869893145
0.26302503655399384 4.994412421087932
0.4454490842943939 6.317435808985405
0.6070215527791301 7.724010718527127
0.7597387807172734 9.301156429730101
0.9077144961463329 11.08064598578599
1.052808921417514 13.084668674110187
1.1960044735714712 15.33304493620437
1.3378751297966274 17.845188029346883
1.478781257007878 20.640802850668685
1.6189615731899905 23.74018438558498
3.0023471725583977 76.51908711950175
4.373909017334034 189.06811045655255
5.741961951405374 399.80399562012497
7.108497126180846 762.2595594248703
8.474237590785172 1348.798000179938
9.839509761350755 2254.8675852998786
11.204482736761978 3603.8407107382145
12.569252897899469 5552.485726816687
13.933879239340097 8297.119038120056
20.755839528775148 44534.618168803616
27.576904313921197 167309.7053228654
34.39760402829315 503598.7297836444
41.21811903182923 1.3005623347437654e6
48.03852829218086 2.9996942579507395e6
54.85887075213993 6.340194318160384e6
61.679168390924225 1.2498380372822626e7
68.49943482931492 2.327085555117172e7
75.31967845956872 4.131022552118939e7
82.13990491149656 7.042242990703951e7
88.96011853418828 1.159366909620074e8
95.78032152111392 1.8515899714294457e8
102.60051562569255 2.8792126811540467e8
109.42070376000999 4.372427326862702e8
116.24090448691862 6.500892250097625e8
123.06106358791985 9.484011944792206e8
129.8812366503773 1.3599733996390705e9
136.7014064696582 1.9199059554364946e9
150.34173948920585 3.6702097053314967e9
165.34609527095748 7.081356863779564e9
181.85087696173127 1.3786353620959583e10
200.0061295819931 2.7075665771749508e10
219.9768996678849 5.362822926371578e10
241.94473954939747 1.0709780248370233e11
266.1093584344458 2.1558954252660834e11
292.6904333577614 4.3734000488503107e11
321.92960986687007 8.938178385827961e11
354.09270368085663 1.8399056268277166e12
389.47209800510734 3.813712679574324e12
428.3894294473402 7.957804608557402e12
471.19848567479113 1.6711689228377355e13
518.2884489691706 3.5306356184466625e13
570.087400788793 7.507001605626088e13
627.0662505057973 1.604319547913771e14
689.7429854140287 3.448026595308463e14
758.687388507274 7.448825056381439e14
834.5262283836016 1.6172256987473275e15
917.9489456224254 3.5276715157055505e15
1009.7139678714766 7.729243369718629e15
1110.6554357738971 1.700838820763944e16
1221.6910991906846 3.757980615968148e16
1343.830277312408 8.335857446582672e16
1478.1833133072118 1.8559654246209053e17
1625.9718351886977 4.1343185203335526e17
1788.5391083783159 9.293712877625745e17
1967.3631080570983 2.089509444175387e18
2164.0695141642973 4.71246335442325e18
2380.446551157028 1.0657097536446022e19
2618.461256390577 2.4169472194826637e19
2880.277429880751 5.494334192392554e19
3168.2751829898875 1.2521112280915996e20
3485.073102837969 2.8583986334272225e20
3833.550445706139 6.54202565600025e20
4216.875494133516 1.5002083794780393e21
4638.532824252446 3.450711748249799e21
5102.356877731116 7.922746448927709e21
