0.013461853114349808 1.1989090665846597e-8 1.e-9 21.903064241363587 -2.5291480046366377e-6 4.797442222018114e-21 1.e-14
0.013461853034692163 2.0163166655289563e-8 2.e-9 21.90306418256796 -2.5291479953183567e-6 9.594884373334294e-21 1.e-14
0.013461852835824094 3.704210210329385e-8 4.500000000000001e-9 21.90306403577815 -2.529147972045659e-6 2.1588489442696512e-20 1.e-14
0.013461852636956827 5.159525525600154e-8 7.000000000000001e-9 21.903063888988335 -2.529147948772962e-6 3.358209407060803e-20 1.e-14
0.013461852437523713 6.487523372798408e-8 9.5e-9 21.903063741791136 -2.5291479254532238e-6 4.5575698255373467e-20 1.e-14
0.013461852238656515 7.729869505148554e-8 1.2000000000000002e-8 21.90306359500132 -2.5291479021805256e-6 5.756930199993738e-20 1.e-14
0.013461850247682552 1.7986119835575368e-7 3.7e-8 21.90306212544695 -2.5291476692623147e-6 1.7750531513894621e-19 1.e-14
0.01346184825670894 2.6489875587275314e-7 6.2e-8 21.903060655892688 -2.5291474363441277e-6 2.974412840966224e-19 1.e-14
0.013461846265736441 3.4152740069164354e-7 8.7e-8 21.90305918633851 -2.5291472034259613e-6 4.1737720887297785e-19 1.e-14
0.013461844275327782 4.12761889840298e-7 1.12e-7 21.90305771719182 -2.52914697055486e-6 5.373130894880134e-19 1.e-14
0.013461824366700357 9.949863477334942e-7 3.62e-7 21.90304302244008 -2.529144641465187e-6 1.7366694656382367e-18 1.e-14
0.013461804458101021 1.4751931232525738e-6 6.12e-7 21.903028327698202 -2.529142312377816e-6 2.936021423843251e-18 1.e-14
0.013461784549528198 1.9072840664182568e-6 8.62e-7 21.90301363296618 -2.5291399832927472e-6 4.135368964115709e-18 1.e-14
0.013461764640982078 2.308676809072479e-6 1.112e-6 21.90299893824401 -2.529137654209981e-6 5.334712086468265e-18 1.e-14
0.013461565557498502 5.585879248280142e-6 3.6119999999999995e-6 21.902851991908953 -2.5291143635487517e-6 1.7327900327728416e-17 1.e-14
0.013461366476165953 8.287326190446714e-6 6.111999999999999e-6 21.902705046152384 -2.5290910730707728e-6 2.9320646790582665e-17 1.e-14
0.013461167396985173 0.000010717688405977243 8.611999999999998e-6 21.902558100974293 -2.5290677827760396e-6 4.131295148634722e-17 1.e-14
0.013460968319956312 0.000012975182418023809 0.000011111999999999998 21.902411156374676 -2.5290444926645536e-6 5.330481442633815e-17 1.e-14
0.013460172033649562 0.00002099670169866896 0.000021111999999999997 21.90182338394758 -2.5289513340725896e-6 1.0126784885660262e-16 1.e-14
0.013459375781735219 0.00002808243357371884 0.000031111999999999996 21.901235620776212 -2.528858178412466e-6 1.4922381610134201e-16 1.e-14
0.013458579564809692 0.00003460987201684146 0.000041111999999999995 21.900647867268017 -2.5287650257311405e-6 1.9717271689200154e-16 1.e-14
0.013457783382872335 0.00004074745071278607 0.000051111999999999994 21.900060123423057 -2.52867187602853e-6 2.451145519579808e-16 1.e-14
0.013456987235921395 0.000046589484624390935 0.000061112 21.89947238924141 -2.5285787293045554e-6 2.930493220286178e-16 1.e-14
0.013456191124531475 0.000052195726880776765 0.00007111199999999999 21.89888466513046 -2.528485585606164e-6 3.4097702784587213e-16 1.e-14
0.013455395047553546 0.000057607145897128925 0.00008111199999999999 21.898296950275615 -2.5283924448392118e-6 3.8889767011537046e-16 1.e-14
0.013454599006120924 0.0000628534263557921 0.00009111199999999999 21.89770924549158 -2.528299307097676e-6 4.368112495934144e-16 1.e-14
0.013453802999668286 0.00006795697586123755 0.00010111199999999999 21.897121550371104 -2.5282061723344448e-6 4.847177669964069e-16 1.e-14
0.013445844891517306 0.00011377791126405013 0.00020111199999999998 21.89124515884197 -2.5272749917425603e-6 9.633946897322655e-16 1.e-14
0.013437890398921805 0.00015394760883833037 0.00030111199999999997 21.88536982234269 -2.5263441191184164e-6 1.4413662206291888e-15 1.e-14
0.013429939586173778 0.0001908198533669907 0.00040111199999999996 21.879495602335105 -2.525413561463815e-6 1.9186331101170634e-15 1.e-14
0.013421992612378978 0.00022540981445568398 0.000501112 21.873622559808027 -2.5244833257231668e-6 2.3951961185909487e-15 1.e-14
0.013414049485486837 0.0002582769557046706 0.000601112 21.867750757718817 -2.523553419065279e-6 2.8710560169245296e-15 1.e-14
0.013406110312729114 0.00028977241589651264 0.000701112 21.861880258957115 -2.5226238486482774e-6 3.3462135862509454e-15 1.e-14
0.01339817518567321 0.00032013546762483115 0.0008011120000000001 21.856011127971293 -2.5216946218072717e-6 3.820669618491586e-15 1.e-14
0.013390244197331293 0.0003495387355371671 0.0009011120000000001 21.850143430766323 -2.520765746054015e-6 4.294424916668861e-15 1.e-14
0.01338231742771285 0.00037811211606533145 0.0010011120000000002 21.84427723246326 -2.5198372287953008e-6 4.767480294153212e-15 1.e-14
0.013303302677421708 0.0006334115744115353 0.002001112 21.785712933181333 -2.510573506521249e-6 9.459725682232193e-15 1.e-14
0.013224817063619965 0.0008554013224129187 0.0030011120000000002 21.727377646765657 -2.5013546212588464e-6 1.408296176821026e-14 1.e-14
0.013146965445972244 0.0010576061082581984 0.004001112 21.669349645206175 -2.49218944108578e-6 1.8638204611625713e-14 1.e-14
0.013069856391270661 0.0012458775318000838 0.005001112 21.611710789972044 -2.483087211198767e-6 2.312660008130085e-14 1.e-14
0.012993597087177948 0.0014234610562593886 0.006001112 21.554542774980444 -2.474057120802519e-6 2.7549418745974678e-14 1.e-14
0.012918287944547056 0.0015924112450989042 0.007001112 21.497923166738534 -2.4651078493216962e-6 3.1908040736229184e-14 1.e-14
0.012844017823283973 0.00175414273270447 0.008001112000000001 21.44192179681872 -2.456247155675001e-6 3.620393218574406e-14 1.e-14
0.012770860442943207 0.0019096880771136175 0.009001112000000002 21.386597993227177 -2.4474815659945516e-6 4.0438616405668463e-14 1.e-14
0.012698872357096078 0.002059833870835509 0.010001112000000003 21.33199893691559 -2.438816191834257e-6 4.461364361721136e-14 1.e-14
0.012045411982749919 0.0033591275749972364 0.020001112 20.828689363960684 -2.3579286864835876e-6 8.340205225442718e-14 1.e-14
0.011495808172953455 0.004433131728591519 0.030001112000000003 20.393774423568413 -2.2862793090343237e-6 1.1761350365461329e-13 1.e-14
0.011022058304352652 0.005372384453761682 0.040001112000000005 20.009615363842254 -2.2216431662229214e-6 1.480750671131808e-13 1.e-14
0.010604993793172299 0.006217431869576537 0.05000111200000001 19.663789414431143 -2.162453731136608e-6 1.7536163017991907e-13 1.e-14
0.010232139075344312 0.006991219784092693 0.06000111200000001 19.348164330461543 -2.107670974691786e-6 1.99906167049086e-13 1.e-14
0.00989493837330361 0.007708436004255221 0.070001112 19.05714493975046 -2.0565675376514274e-6 2.2205070431639774e-13 1.e-14
0.00958722917497204 0.008379236362226651 0.080001112 18.78668838923245 -2.008608968673908e-6 2.420739641235665e-13 1.e-14
0.009304396275986069 0.009011026634543357 0.090001112 18.533756111382495 -1.9633868190038246e-6 2.602081415464882e-13 1.e-14
0.009042875259508821 0.009609422037311495 0.10000111199999999 18.295991937033662 -1.920579125730485e-6 2.766498896769401e-13 1.e-14
0.007169216973300494 0.014418830639122578 0.20000111199999998 16.4644213273682 -1.5842882127941635e-6 3.7649746449404247e-13 1.e-14
0.006016011037009226 0.01804472703651713 0.300001112 15.195441015827232 -1.3497053010125323e-6 4.0988500920726866e-13 1.e-14
0.005211913138908641 0.021052313394787765 0.400001112 14.224175229953339 -1.1731892678688053e-6 4.1291306536789355e-13 1.e-14
0.0046114586082307155 0.023669476191059118 0.500001112 13.440235888766516 -1.0346290741085018e-6 4.0142238813288655e-13 1.e-14
0.004142628681602131 0.026013652703538358 0.600001112 12.785738399597147 -9.227305470517133e-7 3.831449582020658e-13 1.e-14
0.0037647617656150576 0.028154133662489 0.7000011119999999 12.226207435323966 -8.304470043137826e-7 3.620627443228284e-13 1.e-14
0.0034528274649073872 0.030135571902286756 0.8000011119999999 11.739337054635234 -7.53078357942859e-7 3.4027668090507673e-13 1.e-14
0.0031904325873894175 0.03198860510440761 0.9000011119999999 11.309822955446304 -6.873395269690695e-7 3.188944411118049e-13 1.e-14
0.0029663249781676114 0.03373526850492959 1.0000011119999999 10.926693196891119 -6.308525751037221e-7 2.9848156054737423e-13 1.e-14
0.0017541826330377405 0.0477064077019821 2.0000011119999996 8.496789069539151 -3.270414425463652e-7 1.6043424691560287e-13 1.e-14
0.0012495759110974392 0.058357593239543225 3.0000011119999996 7.206668335666535 -2.0803853734315794e-7 9.738011039027871e-14 1.e-14
0.000971278831463377 0.06732280572019766 4.000001112 6.37136801822971 -1.4714040889321687e-7 6.495091784413929e-14 1.e-14
0.0007946241794354262 0.07521777232457709 5.000001112 5.773229006421813 -1.1110582344008704e-7 4.629190030394056e-14 1.e-14
0.0006724408604617451 0.08235469217416698 6.000001112 5.3174968911882265 -8.771593639548325e-8 3.462339115668139e-14 1.e-14
0.0005828699668165772 0.08891798093835426 7.000001112 4.9552553431524355 -7.152294021512106e-8 2.685654189568568e-14 1.e-14
0.0005143793718965777 0.09502742603469838 8.000001112 4.6583189370023135 -5.976625244331229e-8 2.1432032565758508e-14 1.e-14
0.0004603049975273252 0.10076608430468215 9.000001112 4.409138209464643 -5.0912336981121645e-8 1.7496448045718276e-14 1.e-14
0.00041652571954491394 0.10619436474042064 10.000001112 4.196134459234163 -4.404798390341669e-8 1.4551688262814972e-14 1.e-14
0.00028231380314133243 0.12997373555261452 15.000001112 3.4594205380388283 -2.4966215500808497e-8 7.012259579711256e-15 1.e-14
0.00021352782166433857 0.15002703605715328 20.000001112 3.010775010569413 -1.6554968293105003e-8 4.111004856357536e-15 1.e-14
0.00017169767667512523 0.1676980612301984 25.000001112 2.701000430720402 -1.1995563531249122e-8 2.6980040781116016e-15 1.e-14
0.00014357309176822947 0.183676230546037 30.000001112 2.470630983941585 -9.202705886966833e-9 1.905520472576605e-15 1.e-14
0.00012336596984402116 0.19837125208706888 35.000001112 2.2906660923995945 -7.34731469010769e-9 1.4170546653529963e-15 1.e-14
0.00010814538193766291 0.21205016571798602 40.000001112 2.1450529100659628 -6.041204104699897e-9 1.0948844414770732e-15 1.e-14
0.00009626819617047603 0.22489851094195729 45.000001112 2.024091018595267 -5.08091072261051e-9 8.712783363061783e-16 1.e-14
0.00008674176825347111 0.23705141076097253 50.000001112 1.9215273716501362 -4.3505659650521305e-9 7.097784238955959e-16 1.e-14
0.0000789310266243389 0.24861089220262741 55.000001112 1.8331257551355655 -3.779841525607271e-9 5.893470927121117e-16 1.e-14
0.00007241076452217664 0.2596562349892351 60.000001112 1.7559007575838321 -3.3238352674779306e-9 4.971546490537865e-16 1.e-14
0.00006688556329962367 0.2702504942115124 65.000001112 1.6876797437988147 -2.9526737514280552e-9 4.250162685366934e-16 1.e-14
0.00006214378303530355 0.2804448009312683 70.000001112 1.626838827628838 -2.64579104323675e-9 3.675110436729455e-16 1.e-14
0.00005802983010562638 0.2902813007512561 75.000001112 1.572136639092537 -2.3886144697427716e-9 3.2093320329325006e-16 1.e-14
0.00005442675549830003 0.2997952182901022 80.000001112 1.5226057530955086 -2.17056007247173e-9 2.8267986562175893e-16 1.e-14
0.00005124495860140116 0.3090163512088255 85.000001112 1.47747956229885 -1.9837749115944715e-9 2.508793881489106e-16 1.e-14
0.000048414634998529827 0.31797017548063966 90.000001112 1.4361416815630168 -1.822322585302716e-9 2.2415802610064224e-16 1.e-14
0.00004588059472272426 0.3266786724371346 95.000001112 1.3980900936928946 -1.6816410054062867e-9 2.0148905092178288e-16 1.e-14
0.000043598628194746145 0.3351609668534079 100.000001112 1.3629112414961009 -1.5581726009819823e-9 1.8209264110869187e-16 1.e-14
0.000039654077103056744 0.3515120217377162 110.00000122320002 1.2998501125330206 -1.3521960434361685e-9 1.5084581821787086e-16 1.e-14
0.000036064849331088463 0.36866149837294476 121.00000134552003 1.2396753618464285 -1.1733227802887468e-9 1.2493428735633402e-16 1.e-14
0.000032799206074477004 0.3866483525715076 133.10000148007205 1.1822590320786945 -1.0180127709005807e-9 1.0345364007177192e-16 1.e-14
0.00002982819725464471 0.4055134420173307 146.41000162807927 1.1274782873777862 -8.831828037901974e-10 8.565115380862413e-17 1.e-14
0.000027125424572985797 0.4252996198251424 161.0510017908872 1.0752152841637876 -7.661487147729209e-10 7.090075318844428e-17 1.e-14
0.00002466682294862728 0.4460518299086159 177.15610196997594 1.0253570293536236 -6.645746627444235e-10 5.868200421997892e-17 1.e-14
0.000022430460055619445 0.4678172107372401 194.87171216697354 0.9777952399730911 -5.764286621741043e-10 4.856251822775719e-17 1.e-14
0.00002039635178967254 0.49064520238716464 214.3588833836709 0.9324261952310553 -4.999436348832094e-10 4.01832293725834e-17 1.e-14
0.000018546292967292205 0.5145876580521357 235.794771722038 0.8891505854627781 -4.3358333136649375e-10 3.324609108584704e-17 1.e-14
0.000016863702092831455 0.5396989622288024 259.3742488942418 0.8478733618340277 -3.7601254023582094e-10 2.7503804863780974e-17 1.e-14
0.000015333479141992745 0.5660361542056773 285.31167378366604 0.8085035853119769 -3.260710654594885e-10 2.275125353169702e-17 1.e-14
0.000013941875408770924 0.5936590580887486 313.84284116203264 0.7709542769925941 -2.8275101171856914e-10 1.8818362287912597e-17 1.e-14
0.000012676374220688656 0.6226304176487705 345.2271252782359 0.7351422686319226 -2.451769695088029e-10 1.556415404802435e-17 1.e-14
0.000011525582163905073 0.6530160403652543 379.74983780605953 0.7009880577765244 -2.1258874130480238e-10 1.2871802917358945e-17 1.e-14
0.000010479129364145053 0.6848849459697406 417.72482158666554 0.6684156633396034 -1.84326289374182e-10 1.0644520595546884e-17 1.e-14
9.527578602036829e-6 0.7183095224029706 459.49730374533215 0.6373524848015566 -1.5981662679717066e-10 8.802137541963087e-18 1.e-14
8.662342263588306e-6 0.7533656922454739 505.4470341198654 0.6077291666530394 -1.385624060653399e-10 7.278263054110754e-18 1.e-14
7.875606429662908e-6 0.790133078199562 555.991737531852 0.5794794614102048 -1.201319877804862e-10 6.017927170471878e-18 1.e-14
7.160262215472523e-6 0.8286952115828291 611.5909112850372 0.5525401140541986 -1.0415080527984646e-10 4.9756239616615655e-18 1.e-14
6.509841725940557e-6 0.8691396674521688 672.750002413541 0.5268507096196497 -9.029384725254488e-11 4.11368740660184e-18 1.e-14
5.9184615149774744e-6 0.9115583183400249 740.0250026548952 0.5023535790450313 -7.827913310641512e-11 3.4009454924663744e-18 1.e-14
5.380769689012492e-6 0.9560475157518145 814.0275029203848 0.4789936684680379 -6.786203470170804e-11 2.8116036312157437e-18 1.e-14
4.89189820874874e-6 1.002708314559261 895.4302532124234 0.4567184288528243 -5.883034556165439e-11 2.3243194992747966e-18 1.e-14
4.4474194105060826e-6 1.0516467022513947 984.9732785336658 0.4354777069087558 -5.0999997014881835e-11 1.921436398169541e-18 1.e-14
4.043306278012914e-6 1.102973838626605 1083.4706063870326 0.41522363993497835 -4.421133756479147e-11 1.588348164825392e-18 1.e-14
3.675896407572318e-6 1.1568063098412247 1191.817667025736 0.39591055542073333 -3.832590211664644e-11 1.3129731788813148e-18 1.e-14
3.34185908816558e-6 1.2132663948238462 1310.9994337283097 0.3774948743607723 -3.3223606920401835e-11 1.0853188030585093e-18 1.e-14
3.0381653619734988e-6 1.2724823381869428 1442.0993771011408 0.35993501702940967 -2.8800314416342198e-11 8.971207683412049e-19 1.e-14
2.7620607831891623e-6 1.3345886435778165 1586.309314811255 0.3431913142719685 -2.496571976609653e-11 7.415446748744909e-19 1.e-14
2.5110406261706246e-6 1.3997263860432874 1744.9402462923806 0.3272259229508162 -2.1641516667328106e-11 6.12938935671238e-19 1.e-14
2.282827240642974e-6 1.4680435167909947 1919.434270921619 0.31200274111099563 -1.8759805456074e-11 5.066303101761079e-19 1.e-14
2.0753495909049157e-6 1.5396952165505127 2111.377698013781 0.2974873322526016 -1.626171224190066e-11 4.1875474081465546e-19 1.e-14
1.886724509190657e-6 1.6148442393857756 2322.5154678151594 0.2836468484462443 -1.4096190584796734e-11 3.4611737734063622e-19 1.e-14
1.7152396883334575e-6 1.6936612771433617 2554.7670145966754 0.27044995774207614 -1.2218982013065196e-11 2.860767837951196e-19 1.e-14
1.559338222202641e-6 1.7763253628007971 2810.243716056343 0.25786677702707095 -1.0591714427413005e-11 2.3644915944107947e-19 1.e-14
1.41760451143547e-6 1.863024258036956 3091.268087661978 0.24586880386384932 -9.18111988171459e-12 1.9542910823859305e-19 1.e-14
1.2887514628276117e-6 1.95395489422409 3400.394896428176 0.23442885499205668 -7.958356301269747e-12 1.6152411749859686e-19 1.e-14
1.1716088499739316e-6 2.0493238242206737 3740.4343860709937 0.22352100611388398 -6.898419148005241e-12 1.3350036754418911e-19 1.e-14
