1.111350708694777e-9 1.0024631639725197
2.2227014173606345e-9 1.0022865051701297
5.001078188898873e-9 1.002142534852085
7.779454960249734e-9 1.0020849976979833
1.0557831731424216e-8 1.002051931702545
1.3336208502418232e-8 1.0020297710960364
4.111997620239076e-8 1.0019526182015517
6.890374388419562e-8 1.0019291437649036
9.668751154792997e-8 1.0019169583332939
1.2447127919344886e-7 1.0019087503225055
4.0230895465188706e-7 1.001882167535579
6.801466282973152e-7 1.0018742563731537
9.579843001298114e-7 1.0018699413230752
1.2358219701483355e-6 1.0018670678005714
4.014198570614122e-6 1.0018555132895348
6.792574989745274e-6 1.0018499310776594
9.570951227535894e-6 1.0018454968737556
0.000012349327283967244 1.0018415198181274
0.000023462829695761883 1.0018272117504345
0.00003457632920454959 1.0018137846077646
0.00004568982580934585 1.0018006659167522
0.00005680331950921516 1.0017876754909545
0.00006791681030308111 1.0017747615540415
0.00007903029819006618 1.0017619142307184
0.00009014378316921071 1.001749107850527
0.00010125726523946498 1.0017363261345642
0.0001123707443998391 1.0017235616217408
0.00022350537574629352 1.001596478667146
0.00033463971503095417 1.0014698555614252
0.00044577376127495746 1.0013434821097364
0.0005569075134987031 1.001217298778929
0.0006680409707231161 1.0010912789844506
0.0007791741319693273 1.000965422365578
0.0008903069962563471 1.0008397195970573
0.0010014395626066375 1.0007141583124024
0.0011125718300393985 1.0005887491004861
0.0022238778484599702 0.9993425218585916
0.003335152898630965 0.9981103346838356
0.004446396005220416 0.9968919889973504
0.005557606198873528 0.9956872931109209
0.00666878251871033 0.9944961541383494
0.007779924014656041 0.993318381355245
0.008891029749495632 0.99215390852004
0.010002098800784365 0.9910025670543205
0.011113130262545663 0.9898642358398462
0.022221192480286246 0.9791689876195293
0.03332465510171695 0.9696432428227958
0.0444229726766235 0.9611823549764877
0.0555157933589832 0.9536932464790157
0.06660291284697943 0.9470918247289514
0.07768423472237114 0.9413017794699912
0.08875973688787463 0.9362568898069035
0.09982945161609963 0.9318942679380402
0.11089344886944555 0.9281608879230555
0.22124593568505677 0.916463188820514
0.33117204383244925 0.9337490035204675
0.4407897214518832 0.9667069503473502
0.5501833115886435 1.0092929408137827
0.6594112332225236 1.0584654329972096
0.7685143006111947 1.1125591450353765
0.8775215258389172 1.170591142015022
0.9864539373804059 1.2319464599319587
1.095327050852533 1.296220174669631
2.1824256647578464 2.0630619198637725
3.268420897870362 3.0176465697237647
4.354089483850773 4.144409731527771
5.439621760150149 5.440320806886391
6.5250851454036045 6.906035839887181
7.610509127994447 8.543881424347141
8.69590870645637 10.357073032797098
9.78129182736917 12.3493519911183
10.866663800862773 14.524759826092899
16.293433627343965 28.30071067063356
21.72013703693047 47.32016932032942
27.146815094357166 72.14908397479647
32.57347971779088 103.34941334487125
38.00013755762202 141.47613569497335
43.426790144884905 187.07840011402496
48.85344009315972 240.6944218936721
54.280088771402305 302.87181358177867
59.70673551455715 374.13432981956316
65.1333813653912 455.01384233816543
70.56002671241656 546.0355031966063
75.98667433771956 647.7095939605374
81.41331822817891 760.5777802825668
86.83996224990112 885.1452774181245
92.2665990124932 1021.9597261524679
97.69324194687714 1171.4773697326498
103.11987912600047 1334.2588741103814
108.54652068006841 1510.7740177437076
119.39981131357524 1907.0500980754614
131.33841374564082 2413.6043499710318
144.47089335851402 3062.6486317657486
158.91660172396092 3895.6214706829965
174.80688994307178 4967.5042844761965
192.28619871076035 6348.0456991717
211.51345524123315 8131.246288327125
232.66340581227237 10436.286460212004
255.92839122352618 13421.090987241221
281.5198546352485 17294.9716790281
309.6704765504287 22330.478936846685
340.63607486848764 28883.656683479086
374.6982895284872 37423.49046233994
412.1669216290106 48530.61911886395
453.3821070004906 63098.10732996249
498.71906570134666 82102.18062668211
548.5894600354671 107050.56582375073
603.4470280519992 139724.07195775793
663.7905066549218 182419.368795745
730.1681731305569 238770.02192617662
803.1836540890037 312535.7347587746
883.5007257744209 409639.24660303385
971.8494268389492 537748.5425998282
1069.0327203420336 707157.3855162706
1175.934687484322 929280.768403673
1293.5264990018316 1.223128095265887e6
1422.877798616164 1.610916220715087e6
1565.1649941506712 2.118904645442824e6
1721.680101306532 2.793830693493157e6
1893.8466479304923 3.687617811602691e6
2083.230023325159 4.867694544630896e6
2291.55194203413 6.422903148726843e6
2520.70570604756 8.487608489286916e6
2772.772781603513 1.1249219043182468e7
3050.051076732969 1.4841107004821852e7
3355.054726471675 1.971750350839872e7
3690.557268859768 2.6147015759358667e7
4059.6132813337467 3.458123634299411e7
