1.111350708694777e-9 1.0325627366116943
2.2227014173606345e-9 1.032562710420481
5.001078188898873e-9 1.0325626440176556
7.779454960249734e-9 1.0325625772785565
1.0557831731424216e-8 1.0325625100933753
1.3336208502418232e-8 1.0325624427177866
4.111997620239076e-8 1.0325617592712035
6.890374388419562e-8 1.0325610656505944
9.668751154792997e-8 1.0325603653956443
1.2447127919344886e-7 1.0325596598982745
4.0230895465188706e-7 1.0325541247763077
6.801466282973152e-7 1.0325467510976043
9.579843001298114e-7 1.0325386481419876
1.2358219701483355e-6 1.0325310470994866
4.014198570614122e-6 1.0324510889785437
6.792574989745274e-6 1.032368467221167
9.570951227535894e-6 1.0322839785229048
0.000012349327283967244 1.0321981487680307
0.000023462829695761883 1.0318432684176653
0.00003457632920454959 1.0314764939001495
0.00004568982580934585 1.0311017749259515
0.00005680331950921516 1.0307210946216883
0.00006791681030308111 1.0303365812405878
0.00007903029819006618 1.0299474612163786
0.00009014378316921071 1.0295579527132768
0.00010125726523946498 1.0291651450565287
0.0001123707443998391 1.0287711636114272
0.00022350537574629352 1.0248190086803795
0.00033463971503095417 1.0209585697190575
0.00044577376127495746 1.0172800848876393
0.0005569075134987031 1.0138058233278875
0.0006680409707231161 1.0105484905489048
0.0007791741319693273 1.007509268701563
0.0008903069962563471 1.004677505353043
0.0010014395626066375 1.002041972338436
0.0011125718300393985 0.9995914813695659
0.0022238778484599702 0.982646592183521
0.003335152898630965 0.9736801975201459
0.004446396005220416 0.9683586868134555
0.005557606198873528 0.964874499662
0.00666878251871033 0.962402605186463
0.007779924014656041 0.9605290396328198
0.008891029749495632 0.9590288563594416
0.010002098800784365 0.9577751645205611
0.011113130262545663 0.9566806207841084
0.022221192480286246 0.9489695255740115
0.03332465510171695 0.9427556215505848
0.0444229726766235 0.9370686054542031
0.0555157933589832 0.9318774182808307
0.06660291284697943 0.92718883223157
0.07768423472237114 0.9230104351745823
0.08875973688787463 0.9193351313520124
0.09982945161609963 0.9161501432587414
0.11089344886944555 0.9134249851400355
0.22124593568505677 0.9070697681999638
0.33117204383244925 0.9262246583250195
0.4407897214518832 0.9599830643675137
0.5501833115886435 1.0029336393933819
0.6594112332225236 1.0522564283232523
0.7685143006111947 1.1063779657351092
0.8775215258389172 1.1643629086462672
0.9864539373804059 1.2256211824335848
1.095327050852533 1.2897624481330137
2.1824256647578464 2.0544268876072587
3.268420897870362 3.006177369235677
4.354089483850773 4.129732359184835
5.439621760150149 5.422118452007416
6.5250851454036045 6.884009558453938
7.610509127994447 8.517738905267215
8.69590870645637 10.326523582908381
9.78129182736917 12.314104570323362
10.866663800862773 14.484521284132237
16.293433627343965 28.23104083477771
21.72013703693047 47.21335472710831
27.146815094357166 71.99705517389825
32.57347971779088 103.14375137322531
38.00013755762202 141.20808042325584
43.426790144884905 186.7388589061896
48.85344009315972 240.273984848345
54.280088771402305 302.3607332857839
59.70673551455715 373.52260387990395
65.1333813653912 454.29109634048933
70.56002671241656 545.1911058109741
75.98667433771956 646.7326903620765
81.41331822817891 759.4570154234566
86.83996224990112 883.8694250250732
92.2665990124932 1020.5168782916301
97.69324194687714 1169.855541022978
103.11987912600047 1332.4459766051311
108.54652068006841 1508.7572112508303
119.39981131357524 1904.587202056296
131.33841374564082 2410.589821390592
144.47089335851402 3058.949022415561
158.91660172396092 3891.0717042201286
174.80688994307178 4961.896665350592
192.28619871076035 6341.1204111952675
211.51345524123315 8122.674764579935
232.66340581227237 10425.658568698293
255.92839122352618 13407.888651480565
281.5198546352485 17278.543261091298
309.6704765504287 22309.999016602218
340.63607486848764 28858.086047759803
374.6982895284872 37391.51753878694
412.1669216290106 48490.600248292336
453.3821070004906 63047.90475371783
498.71906570134666 82039.16088488352
548.5894600354671 106971.3073917415
603.4470280519992 139624.3165037739
663.7905066549218 182293.79457664592
730.1681731305569 238611.52649301704
803.1836540890037 312335.7632433484
883.5007257744209 409386.6126124413
971.8494268389492 537428.9519918893
1069.0327203420336 706752.4810997164
1175.934687484322 928767.9066536804
1293.5264990018316 1.222477910449482e6
1422.877798616164 1.6100914538685984e6
1565.1649941506712 2.117859893612855e6
1721.680101306532 2.7925041425177273e6
1893.8466479304923 3.6859317754446464e6
2083.230023325159 4.865552357065022e6
2291.55194203413 6.420182062653854e6
2520.70570604756 8.48414645982062e6
2772.772781603513 1.1244804840593856e7
3050.051076732969 1.4835501380553704e7
3355.054726471675 1.9710336757877223e7
3690.557268859768 2.6137865497699518e7
4059.6132813337467 3.456959979175965e7
