1.195027238636692e-8 1.4914736677864058e-7 5.300616450055241e-10 60.46250000014321 60.79750000014481 3.0799070635624135 11.62678848796768 0.24037177412799593 0.000017919655127592253 4.307379294781189e-6 0.0309096621620459 0.9522431647347565 -0.0003515430795709249
3.6846782624879984e-8 3.470426180327761e-7 5.372926345052505e-10 60.17850000014185 60.51350000014345 3.097899933430925 11.608743398058754 0.31852096005165587 0.00001803118835154243 5.743311424605529e-6 0.03129562750003316 0.9521428471365294 -0.00035635829427231206
6.174332256176452e-8 5.111236698264244e-7 5.399029185213188e-10 60.077000000141375 60.412000000142974 3.1043533012489797 11.602274765419315 0.36239755389962064 0.00001807122455379756 6.548967574266999e-6 0.03143475855154901 0.9521066828430952 -0.00035809598916164306
8.66399263487808e-8 6.589803338016139e-7 5.428376299078199e-10 59.963500000140826 60.298500000142425 3.1115829187135433 11.594625017561574 0.3944272168895881 0.000018116095293484404 7.14548104751562e-6 0.03159105698017864 0.9520660559380297 -0.0003600498315743579
1.1153648468392387e-7 7.964284080867122e-7 5.434525840801256e-10 59.94000000014072 60.27500000014232 3.113093880171483 11.59317448117926 0.4201375172636239 0.00001812547916477112 7.615193815500482e-6 0.03162379286339779 0.9520575452100833 -0.00036045891769234114
3.6050312976649446e-7 1.9198497971904527e-6 5.522336335937007e-10 59.60550000013912 59.94050000014072 3.13454479636618 11.572111239758378 0.5633302099373535 0.000018258765434339755 0.000010285714165323507 0.032090595972105826 0.951936218563546 -0.00036630710870217163
6.094700584625359e-7 2.8464306148212673e-6 5.549746540237552e-10 59.50250000013863 59.83750000014023 3.141187357163897 11.56536378589281 0.6423519216899711 0.000018300106686410558 0.000011755108697147313 0.032236078680779955 0.9518983433564614 -0.00036813185869191364
8.584371555946288e-7 3.6801753206543213e-6 5.566039002161613e-10 59.441500000138326 59.776500000139926 3.145121249387689 11.561321216381664 0.699779560047157 0.000018324622297646396 0.000012823196129477318 0.03232250621233784 0.9518758575981787 -0.00036921160328162484
1.1074047059855453e-6 4.454692276996086e-6 5.585289116012726e-10 59.370000000138 59.7050000001396 3.1497605792598984 11.557198981707419 0.7457785883690466 0.000018353530535112687 0.000013687670094064532 0.03242456820266023 0.9518493623338742 -0.00037049681096184385
3.5970862976187576e-6 0.000010778483661192838 5.67195296326068e-10 59.05150000013647 59.38650000013807 3.1704752082830305 11.536711484661456 1.0011852531455263 0.00001848294144256364 0.000018504848407047016 0.032883432085073556 0.9517300530298946 -0.0003762475125319563
6.086773521480749e-6 0.00001599155824555209 5.709877011535618e-10 58.91450000013581 59.24950000013741 3.1794355247459603 11.527765995341015 1.1418724982301953 0.000018539209302401416 0.000021169413241345582 0.03308395176638193 0.9516780061063042 -0.00037875362666025056
8.576464789374256e-6 0.000020681752610471354 5.736915105887524e-10 58.817500000135354 59.153000000136956 3.1857813975486957 11.520538097722461 1.2440625730672235 0.00001857919548963848 0.000023113681746358602 0.03322681953534496 0.9516409589430632 -0.0003805330242025472
0.00001106615252695577 0.000025038538332694675 5.743364986474227e-10 58.79550000013524 59.131000000136844 3.187246699783419 11.519024295370775 1.3258943928654823 0.000018588744579263753 0.000024646712208054435 0.03326098327672827 0.9516322114933387 -0.0003809391223607238
0.00002102494427351025 0.00004052137150857923 5.80026250455895e-10 58.5970000001343 58.9320000001359 3.2004125295370214 11.506760522168953 1.5565818843810968 0.00001867252118708054 0.000029065308215531782 0.03356146311661429 0.9515547855597866 -0.0003846260244334044
0.00003098374045755344 0.00005420059025264701 5.822243320120511e-10 58.52350000013395 58.85900000013555 3.2053349172828476 11.501282956503138 1.7149485077447255 0.000018704836508225006 0.000032077831457389536 0.03367772893069617 0.9515255183528905 -0.0003859689868251154
0.0000409425548085823 0.0000668043959321087 5.843582904615843e-10 58.453000000133606 58.78850000013521 3.210098699258908 11.496886349115904 1.8386164968930028 0.000018736139371801102 0.000034448574937080007 0.033790543760431994 0.9514973568308589 -0.00038726255961678166
0.00005090135842024686 0.00007865757293155212 5.850579893074294e-10 58.43350000013353 58.76850000013513 3.2115113740073626 11.496142495243024 1.9413779191181468 0.000018746478738021515 0.000036393999883212796 0.03382784805230096 0.9514889708893293 -0.00038760034235395957
0.000060860190220603866 0.00008994207035180626 5.86676308894472e-10 58.38100000013327 58.71650000013487 3.2150669339619466 11.492266386174093 2.0299796296399677 0.000018770182548350908 0.000038103088217775964 0.033913448751021674 0.951468315913598 -0.0003885172158126313
0.00007081902551427971 0.00010077304013932821 5.878961947778733e-10 58.34300000013309 58.67850000013469 3.2176933044370135 11.490173377557856 2.108272969130406 0.000018788054684685942 0.00003961034783426727 0.0339780612641546 0.951453016422356 -0.0003892129010271828
0.00008077786082434177 0.00011122946652783371 5.88892490905153e-10 58.31300000013295 58.648500000134554 3.2197998643976837 11.48840280897371 2.1786815134313757 0.000018802656532071445 0.000040965000189823754 0.03403089645878292 0.9514412880270116 -0.0003896373919385821
0.00009073673447896232 0.00012136855896711558 5.906926475182617e-10 58.254500000132666 58.59000000013427 3.2237730632987747 11.484346731134252 2.242839543894077 0.000018828893830525484 0.00004223018765088578 0.034125936406861686 0.9514185190659973 -0.000390758260818869
0.00010069556513720346 0.00013123342800532394 5.910682861054411e-10 58.246000000132625 58.58150000013423 3.2244444239737917 11.483632907445225 2.301903562249057 0.000018834460425008794 0.00004335511154536663 0.03414611744689688 0.9514152282467444 -0.0003907806020100446
0.00020028411542603075 0.0002198780790169397 5.973021411601531e-10 58.072000000131794 58.4085000001334 3.2370687302950114 11.472535998971908 2.732661432028436 0.00001892557830441489 0.00005171719791130869 0.034477302706381184 0.9513563735117373 -0.00039288351487260127
0.00029987250794131983 0.00029769836541068413 6.014760218043225e-10 57.96450000013128 58.30200000013289 3.24529632753352 11.465965861617075 3.0219095176518986 0.000018986377181242508 0.00005737511390972557 0.034699176856094034 0.9513360319863755 -0.00039312104678326635
0.00039946030581741916 0.00036920926480322444 6.042544132549893e-10 57.89950000013097 58.237500000132584 3.2507197985866667 11.462362672251677 3.2458040241513224 0.000019026728469379193 0.00006175703183234551 0.0348468242276171 0.9513447072598641 -0.00039211922523438894
0.0004990474201313478 0.00043634995761391703 6.070297299710449e-10 57.82850000013062 58.167000000132234 3.2565220690221355 11.457836279420754 3.431058567258339 0.00001906666738604546 0.00006541885248395644 0.034993271380971906 0.9513611087230717 -0.00039085919237402504
0.0005986332660122859 0.0005001837974630577 6.083425709732254e-10 57.8020000001305 58.14100000013212 3.2593809649694765 11.456868601556254 3.590479753933848 0.000019085443986116533 0.00006852590022698992 0.03506222713269596 0.9514049414832877 -0.00038826335404978875
0.0006982180762585676 0.0005613751652111023 6.102810210481124e-10 57.748500000130235 58.08850000013186 3.2640261046597865 11.45360798770836 3.7312912265864457 0.000019112845484723018 0.00007131559267224936 0.03516297902106623 0.9514469395226274 -0.00038589487991651635
0.0007978010079927226 0.0006203737474137035 6.103193483496292e-10 57.75350000013026 58.09450000013189 3.264727692558642 11.453588231021108 3.858001783531466 0.000019112994637089673 0.0000737379673985193 0.035163527831237704 0.9515197749260338 -0.0003822686925451304
0.0008973829534883245 0.0006775048967683439 6.119559878363365e-10 57.70050000013 58.04200000013163 3.269373415908128 11.451199709944612 3.973622734398459 0.000019135613436948464 0.00007603770858971905 0.03524680388882062 0.9515757244132671 -0.0003795765662093477
0.0009969625803906796 0.0007330102301261639 6.116555162964485e-10 57.70750000013003 58.05000000013167 3.269956525685845 11.451802314156728 4.080281035992163 0.000019130539148618977 0.00007805797609641568 0.035228113217355535 0.951662028770722 -0.0003754573628138727
0.0019926551052801868 0.0012269888165734638 6.101706218432653e-10 57.527500000129145 57.87700000013081 3.2926696422499915 11.44390569205708 4.872061778472321 0.000019092639482719795 0.00009302051907391065 0.035088670080000606 0.9526200447728913 -0.00033818896972560977
0.00298812432598718 0.001651122674626282 6.000429654321236e-10 57.41200000012854 57.76900000013025 3.310969622293026 11.439051530635904 5.429259203887168 0.00001892173816288089 0.00010273102107436414 0.03446331272015944 0.9537710375334634 -0.0002993329984683672
0.003983359762619126 0.0020310731386316235 5.851653132400173e-10 57.343500000128174 57.70750000012991 3.3260759669663176 11.43782360072719 5.883628245858442 0.000018676033387419408 0.00010988283755881613 0.03357408976373236 0.954956858450273 -0.00026203746523487754
0.004978354871869599 0.0023784019431946912 5.686638475955888e-10 57.2740000001278 57.64550000012957 3.341171078115157 11.435650449886307 6.279453587877531 0.00001840126718056669 0.00011554990321850255 0.03259345702129636 0.9561264664681811 -0.00022390434968729152
0.005973105978355834 0.002699749174932204 5.502342080720241e-10 57.249500000127625 57.62800000012943 3.353184266646799 11.436729924946077 6.637401022825569 0.000018093121718589507 0.0001200913046010735 0.03151098461106517 0.9572764072657197 -0.00019402203870636759
0.00696761500148865 0.002999489853769651 5.32583972340396e-10 57.189000000127294 57.57500000012914 3.3675398919318447 11.434332922168354 6.9688000371783225 0.00001779170256068391 0.0001239868174663597 0.030469826612162364 0.9583739440807191 -0.00016771843063682714
0.007961880161204317 0.0032807416757030757 5.146198574515462e-10 57.14700000012706 57.540000000128934 3.3806243439236736 11.43366870183132 7.280561179354104 0.000017481100009806152 0.00012727221810380132 0.029415245595070978 0.9594324784906226 -0.00014432844266627033
0.008955904909009793 0.0035458637020056587 4.967375869390253e-10 57.11600000012686 57.517000000128775 3.3928503276081057 11.432551189033248 7.577198952072553 0.000017167349831637268 0.00013008042515414483 0.028368833491834725 0.9604472044060844 -0.00012369507043471104
0.009949695001625637 0.0037967132875305885 4.791834300896385e-10 57.0935000001267 57.50150000012865 3.404482822496949 11.432489482900024 7.861822251079428 0.000016854397768574163 0.0001325062794055198 0.027343962027612658 0.9614152475850322 -0.00010604202474295952
0.019876595262521432 0.005763462178569318 3.3816949976678793e-10 56.90850000012538 57.38850000012767 3.5147113798389675 11.417385139074232 10.346174563145372 0.00001410313911371831 0.00014591353915885296 0.019145492540056635 0.9686524327617974 -0.00003479731193888875
0.029790584367242443 0.007149090820503648 2.5020190873462946e-10 56.7705000001244 57.316000000127 3.6165757296886842 11.38753048518008 12.501135507386259 0.00001208529453097624 0.00015107990457840804 0.014058838501058863 0.9727254807573558 -0.000046868407914231424
0.039700122458242136 0.008230862618476659 1.9381696097267053e-10 56.72750000012395 57.330500000126825 3.707406946818031 11.351979615246197 14.469973913471671 0.00001059998372742775 0.00015338148801910377 0.010815469104171083 0.975110488960823 -0.00007417525713138936
0.04961040190304109 0.009130761395249121 1.5658181174005966e-10 56.66450000012348 57.31600000012659 3.795774356641688 11.30801573704198 16.29997754476012 9.494645580150511e-6 0.00015476250975190924 0.00867745718740158 0.9765649375808231 -0.00010065040094706676
0.059523871956254505 0.00991114710894404 1.3053429015801292e-10 56.61900000012315 57.31150000012646 3.879522487126308 11.260291740313438 18.017250062570103 8.639956905029071e-6 0.000155668264087738 0.007185518576282992 0.9775017399189688 -0.00012252316642589366
0.06944145289139299 0.010607243533861936 1.1142920788221211e-10 56.60800000012303 57.33450000012649 3.9578668962950627 11.211937213944303 19.63982046882742 7.95704927087715e-6 0.0001562750191416413 0.006094513711291756 0.9781389519845615 -0.00013961030509050166
0.07936350126574787 0.01124056079370179 9.718705365561806e-11 56.56350000012276 57.318000000126354 4.035850575071768 11.159567101235474 21.181372368062654 7.406883575762252e-6 0.00015688795910510768 0.005280876371507299 0.9785798966904666 -0.00015350417826840235
0.08928970682839261 0.01182504452970131 8.591046542449469e-11 56.57850000012279 57.3560000001265 4.107267631680363 11.110342585676586 22.652694441222874 6.942653373965615e-6 0.00015726980549176812 0.004639657578780719 0.9789147438659421 -0.00016391100532298496
0.09921999177924293 0.012370248570035101 7.696799105836428e-11 56.5850000001228 57.3815000001266 4.17700931554273 11.059630132536784 24.062570258997162 6.551406203268357e-6 0.00015764367206137466 0.004131464440126147 0.9791698467420211 -0.00017250735282045506
0.19869547996258918 0.016587394713057108 3.809722020677417e-11 56.44600000012208 57.32850000012628 4.796918451763932 10.552986186200702 35.93610993163053 4.474466439330074e-6 0.000160794917849157 0.0019271586733809055 0.9804214557440741 -0.00020211263031255148
0.29838683173431896 0.019638065961167253 2.527060534476517e-11 56.395000000121875 57.30700000012623 5.297355688775584 10.107496522047295 45.58292537427397 3.545392376949956e-6 0.00016160935614102965 0.0012099392827418535 0.9814667569755977 -0.0001970459674427608
0.398245186855079 0.022064353181546044 1.8629866913804748e-11 56.39350000012195 57.32050000012638 5.720744854194532 9.718709615264412 54.14777178079607 2.9663766909426706e-6 0.00016062268807703675 0.0008470081003388816 0.9825085885433046 -0.00018534878778985887
0.4982540940923393 0.024075660892055074 1.45247910955223e-11 56.34450000012184 57.2805000001263 6.09380158706289 9.370116985678516 62.08603323409852 2.554864103150546e-6 0.00015862137761681012 0.0006283050821690258 0.9834901200093171 -0.00017368728427450967
0.5984065823959368 0.025784484947245213 1.1707429891636988e-11 56.28000000012168 57.22200000012617 6.426325345370512 9.05600422821204 69.6240297551342 2.2395158698582737e-6 0.00015592411956010768 0.00048277331038248234 0.9843855535466461 -0.00015392067755519906
0.6986966067567223 0.027261302586360624 9.648798241139306e-12 56.21750000012156 57.16400000012607 6.725243591549618 8.771714713078925 76.88883587385449 1.986929704026439e-6 0.00015277271190577513 0.0003800143255547864 0.9852074452066469 -0.00014562021526814565
0.7991145982816225 0.028553901238103085 8.062632797602243e-12 56.22800000012181 57.178000000126346 6.991702182535163 8.517314632018945 83.95853774425007 1.7772823222667346e-6 0.0001492180249362201 0.00030405195928741974 0.9859771587701903 -0.00013692912066160648
0.8996723508463284 0.029696770071383407 6.844656109310427e-12 56.16100000012169 57.11400000012624 7.240011824905906 8.279118456087842 90.88587903840187 1.6030068387411676e-6 0.0001456906856435607 0.00024734646856681356 0.9866662575180267 -0.0001291375771332009
1.0003617675931393 0.030715324690337945 5.8684730292926704e-12 56.110500000121675 57.065500000126235 7.467318361754128 8.06045469766441 97.70644891549729 1.4542162376137945e-6 0.00014208630453249892 0.00020356023480302878 0.9873058136927129 -0.00012076371340716541
2.014861205233337 0.036951217726967425 1.7635513640177042e-12 55.829000000122974 56.794000000127575 9.044062424691338 6.53285441080352 163.58279882312522 6.718484579678329e-7 0.00010990285113937889 0.000043448782695483846 0.9916973917694066 -0.00006412442429382968
