1.1950272679200552e-8 1.4914736127965872e-7 5.300172954564325e-10 60.46400000014322 60.79900000014482 3.079796239758458 0.24037178888052588 0.9522437816594129 -0.00035151494342690646 0.030907292335761997 11.626259379528577 0.9522437794892036 -0.00035151337033609693
3.6846786478109306e-8 3.47042653553141e-7 5.375519595529857e-10 60.16800000014181 60.50350000014341 3.0985423449380636 0.31852096075965886 0.9521392556219753 -0.000356530903508887 0.031309453879282356 11.607289150136006 0.9521392533809961 -0.0003565293634015945
6.174334014271081e-8 5.111238315023964e-7 5.406090411773024e-10 60.049500000141244 60.38450000014284 3.106095946756147 0.3623975424578964 0.9520969093758762 -0.0003585660477270172 0.03147237641309196 11.600154985589471 0.9520969069272445 -0.0003585653165176512
8.663993217681701e-8 6.589803089994486e-7 5.430078320778406e-10 59.95750000014079 60.29200000014239 3.1120021284305044 0.3944272582667845 0.952063707397906 -0.0003601624953623742 0.0316001161260338 11.59528874181794 0.952063706027269 -0.00036015909236434857
1.1153653795986937e-7 7.964288015731681e-7 5.446389633595336e-10 59.894500000140496 60.229500000142096 3.116007718653763 0.4201375103696164 0.9520411438846114 -0.0003612487341985026 0.0316869265843293 11.590631483684373 0.9520411415388826 -0.0003612475947552459
3.605031486158065e-7 1.919848411850979e-6 5.523768357934256e-10 59.60000000013909 59.93500000014069 3.1348970051364047 0.5633306458840185 0.9519342822010541 -0.00036640275097592825 0.03209818989625335 11.57168266612063 0.9519342777537805 -0.00036640442781377835
6.094701470065181e-7 2.8464268230334573e-6 5.553562556398786e-10 59.488000000138555 59.823000000140155 3.1421194202786347 0.6423528707022947 0.9518931573265308 -0.00036838328137991526 0.03225630461649939 11.564188840723896 0.9518931545841592 -0.0003683838003950571
8.584375779418282e-7 3.680169222609963e-6 5.578654364485922e-10 59.394500000138116 59.729500000139716 3.148179903286166 0.6997810638715904 0.9518585892724212 -0.00037005159708703643 0.03238936208901178 11.558877686765753 0.9518585848266727 -0.00037005417874363435
1.107405007765461e-6 4.454679564586895e-6 5.592547451286307e-10 59.34250000013787 59.67750000013947 3.151526950727803 0.7457809198459078 0.9518395252735309 -0.00037097742685713697 0.03246299455891742 11.555159844600432 0.9518395208982896 -0.0003709771651888325
3.5970856759587753e-6 0.000010778329063954681 5.669755901918305e-10 59.05800000013651 59.39300000013811 3.1700278526559456 1.001199440455467 0.951733767284786 -0.00037609123112962347 0.032871652417242866 11.536707570063626 0.9517337646775442 -0.0003760907379954863
6.086771404480158e-6 0.000015991114902475633 5.705295193118617e-10 58.928500000135884 59.26350000013748 3.178496048853639 1.141903758731265 0.9516856465038916 -0.0003784291639477531 0.03305943303720493 11.527889081532097 0.9516856437989385 -0.0003784289732076348
8.576461572380881e-6 0.000020680876396211382 5.733825254456682e-10 58.82550000013539 59.16050000013699 3.1852784827438696 1.24411481526267 0.9516472634050464 -0.0003802977039827978 0.033210017427756644 11.52165993952415 0.9516472607260593 -0.00038029729427705046
0.00001106615145321856 0.000025037095433190607 5.749520909275034e-10 58.76850000013512 59.10400000013672 3.189014835734507 1.325970676121077 0.951626584153601 -0.00038130946496301425 0.033292775513056615 11.517456006390857 0.9516265813480308 -0.0003813098250885946
0.000021024915577859328 0.00004051610764916912 5.785201476654522e-10 58.64000000013451 58.97500000013611 3.1975740254463334 1.5567819909983744 0.951581669396999 -0.00038353343044892496 0.033480567156282615 11.509593907657191 0.951581666669204 -0.0003835332660099776
0.00003098368747481289 0.000054189219010873604 5.810387276731162e-10 58.54850000013407 58.88350000013567 3.2036930565887185 1.715305444903849 0.9515518541189746 -0.0003850420050891066 0.033612786106739165 11.503437963862712 0.9515518513621198 -0.00038504196015514043
0.00004094246981440337 0.0000667846173095904 5.83520221406638e-10 58.45850000013364 58.79350000013524 3.209747928191923 1.8391571950442525 0.9515230316153054 -0.0003865098390909722 0.03374286370736397 11.497829328823707 0.9515230273491843 -0.0003865141176342194
0.00005090123550458854 0.0000786271019194018 5.847189265364687e-10 58.413000000133415 58.74900000013502 3.212826334912543 1.942125587565181 0.9515122058518732 -0.00038709852052387194 0.033805306765474635 11.493792029536756 0.9515122031572347 -0.0003870979287944617
0.00006086001931263737 0.0000898986489613728 5.866464178358401e-10 58.34250000013307 58.67800000013467 3.217625840542902 2.030954414191054 0.9514915532640064 -0.00038820176412637954 0.0339059806384528 11.490163325194523 0.951491551352213 -0.00038820136061009156
0.00007081876299744493 0.00010071437024796191 5.871464102806407e-10 58.32100000013298 58.65700000013459 3.2191184203343135 2.1094932974238008 0.9514909596682574 -0.0003882912297138659 0.033931525350984336 11.487704590784139 0.9514909550947515 -0.00038829348450908455
0.00008077750836210605 0.00011115328867977306 5.879500691424314e-10 58.289500000132826 58.62500000013443 3.22133993387334 2.180165139193188 0.9514865406602772 -0.0003886007072470074 0.03397296951137288 11.486417496952852 0.951486537984282 -0.00038860013659942173
0.00009073624490592046 0.00012127262286278601 5.886380085391835e-10 58.26150000013269 58.597000000134294 3.2233109805414344 2.244601694034045 0.9514836226099157 -0.00038891623235829694 0.03400827634546299 11.484857143639585 0.9514836197302766 -0.00038891837987626047
0.0001006949430406561 0.00013111559006856127 5.885701391053027e-10 58.25950000013269 58.59500000013429 3.2235399176605335 2.303958125528825 0.9514912154210504 -0.00038858479100078145 0.03400383888522745 11.484295302900144 0.9514912130970437 -0.00038858613006780376
0.00020028150670701455 0.00021942600550588074 5.933310118880009e-10 58.040500000131644 58.37700000013325 3.239159842369362 2.738255744736421 0.9515011247441707 -0.0003894331182706713 0.034243310506371125 11.470319767349652 0.9515011201745737 -0.0003894369056657912
0.0002998663213621312 0.0002967186685512491 5.941162054709578e-10 57.948000000131195 58.285000000132804 3.246412732713014 3.03182461851407 0.95157353292413 -0.00038748798584359594 0.03427203257193722 11.464808392409925 0.951573530170798 -0.0003874876934477649
0.0003994493099225361 0.0003675322991967483 5.940743909689033e-10 57.87600000013084 58.21400000013245 3.252284405268072 3.2605241291353972 0.9516606081920347 -0.00038499743992302047 0.0342561637611782 11.460514792826167 0.9516606034854597 -0.0003849994720581159
0.000499030248604816 0.00043382758263282693 5.92807161563643e-10 57.841500000130665 58.18000000013228 3.2556643194269763 3.4508887994830912 0.9517658785414027 -0.0003814194745866196 0.03417535189771759 11.45872989949362 0.9517658758192008 -0.00038141892585260873
0.0005986091298173253 0.0004966879240778735 5.908866747862355e-10 57.82600000013059 58.16550000013221 3.2577535555532675 3.615605096069169 0.9518802186221355 -0.00037781299129287926 0.03405986333449962 11.45787811432109 0.9518802161217474 -0.0003778106141904767
0.0006981863861464407 0.0005567958811260432 5.902248066588007e-10 57.764500000130305 58.10450000013193 3.2629363118006336 3.7618079253807757 0.9519775017835307 -0.0003750398785738647 0.034009876797713945 11.454324562929065 0.9519774991694843 -0.0003750381577147098
0.0007977617608455277 0.0006146174076546052 5.894406514639959e-10 57.70600000013002 58.046500000131644 3.2679497764861063 3.893943212037253 0.9520757501639528 -0.00037233287588679854 0.03395324360806023 11.451348661208321 0.9520757457245794 -0.00037233049845718523
0.0008973347804202891 0.0006704900757107568 5.872914510540632e-10 57.69350000012995 58.03500000013158 3.2698312317180123 4.014980144795123 0.9521921356890174 -0.00036867851446642757 0.033825158907654265 11.450397088725152 0.952192132951367 -0.0003686795175396541
0.0009969056769326076 0.0007246690959211046 5.848016586202087e-10 57.69300000012995 58.03500000013158 3.2709384733677056 4.127010586806401 0.9523127776441059 -0.0003647930914852936 0.03367924607695798 11.451083107685381 0.9523127736793908 -0.00036479883946578226
0.001992507678317099 0.0012033917075916886 5.655328611788537e-10 57.49700000012897 57.84600000013064 3.2947307922412348 4.967229703546762 0.9534241694442984 -0.0003293580466829878 0.032517167792645116 11.441980415014761 0.9534241644935606 -0.00032934839671865324
0.002987901217844897 0.001611275276072599 5.448982028958165e-10 57.38950000012841 57.74650000013011 3.3124911672958577 5.563111273812417 0.9545448007253835 -0.00029210760438101567 0.031292837116617456 11.437643014455428 0.9545447953050197 -0.00029209670086558284
0.003983067173217681 0.0019754380034931155 5.247698787316733e-10 57.303500000127954 57.66750000012969 3.3287908514608087 6.048887132131497 0.9556743916141146 -0.0002561531097444404 0.03010327003979973 11.435258658682033 0.955674388300286 -0.00025614305815757155
0.004977990115853889 0.0023076891946135 5.038451734945421e-10 57.28450000012782 57.656000000129595 3.3404524499762243 6.471395880528381 0.9568178803750803 -0.00022527496310663196 0.028879749113743254 11.436327424484114 0.9568178708984887 -0.00022524025181856655
0.005972665780802821 0.0026146908382079837 4.844728212234097e-10 57.23800000012755 57.616500000129356 3.3539538494678736 6.852816815118693 0.9579298494457079 -0.00019390043060069328 0.0277434635950404 11.435883205525851 0.9579298420208946 -0.0001938677697834517
0.006967095037290626 0.002900752141263471 4.66456140561426e-10 57.16650000012716 57.552500000129 3.3690728368258367 7.205470889618295 0.9589984283635657 -0.00016652587178384276 0.02668372287842081 11.432995103804855 0.9589984128118949 -0.0001664725821070848
0.00796127085899772 0.003168920787669964 4.4794110181760655e-10 57.15250000012705 57.54600000012893 3.38022329104099 7.536891635134364 0.9600467463831514 -0.00014182426714639848 0.025604659713099966 11.433661573290257 0.9600467439395856 -0.0001418206482435108
0.008955208412659756 0.0034215018373751033 4.3158365338767e-10 57.07500000012663 57.47550000012854 3.3956470593332027 7.8519978988495716 0.961029356622402 -0.0001212593584335045 0.024643040999988625 11.429969898193754 0.9610293569441679 -0.00012126543479690403
0.009948901176311682 0.003660297744697141 4.148950570297001e-10 57.05000000012647 57.458000000128415 3.4074176707090436 8.154173679497925 0.9619829071143439 -0.00010355321896302855 0.023670543558471948 11.429150771110642 0.9619828815569019 -0.00010345772152171142
0.019874562910188628 0.005526374653630982 2.8666124966722907e-10 56.85600000012511 57.335500000127396 3.5182902218643024 10.788933517453696 0.9691347029330817 -0.00003258968814450921 0.01622511887537669 11.413787818995097 0.969134703705504 -0.00003259653532278931
0.029787155501882902 0.006835639722371063 2.0909849932181914e-10 56.7800000001244 57.32550000012701 3.6158764548047637 13.07287541986664 0.9731557313565043 -0.00004683674353558827 0.011749856022188533 11.387973290811825 0.9731557318288433 -0.00004684260490094601
0.03969558270435091 0.007855937177161315 1.610656240984652e-10 56.7045000001238 57.30750000012668 3.7089510422951877 15.158821338243415 0.9754698918928129 -0.00007552134615803427 0.00898679184513427 11.35037749266331 0.9754698975489033 -0.00007554682012461786
0.049605061576703934 0.008704171523848241 1.2965339724561412e-10 56.612500000123205 57.2635000001263 3.799327540300805 17.096995885522073 0.9768677481849832 -0.00010380620309251114 0.007183114691946733 11.30444779817237 0.976867751080882 -0.0001038240707854545
0.059517878132384495 0.009439669274060945 1.0751395996284939e-10 56.60450000012305 57.297000000126346 3.880488095938617 18.9152426015387 0.977774468742126 -0.00012482875496630665 0.005917855261282929 11.259412501120188 0.9777744732129461 -0.0001248516910293233
0.06943517528097261 0.010095842159231988 9.167655187834139e-11 56.55700000012275 57.28350000012622 3.961361327544729 20.632803341961523 0.9783703691425616 -0.00014231090169921314 0.005012707309701371 11.208450881887142 0.9783703721207461 -0.00014232895282818717
0.07935700432087228 0.010693023747506154 7.970755975195171e-11 56.535000000122594 57.28950000012619 4.037763799615794 22.26414329418656 0.9787887822331983 -0.00015573328785312276 0.004330386364157051 11.1574171632833 0.9787887837807062 -0.00015574616330695147
0.08928328946433617 0.011244381173043458 7.044855200166998e-11 56.51450000012246 57.29200000012617 4.1116330842161934 23.82077450692744 0.979091458235081 -0.00016667294506526612 0.0038031892337645713 11.105517646161363 0.9790914638077509 -0.00016669960927310104
0.0992137047758379 0.011758923089549853 6.301680553286942e-11 56.52600000012249 57.32200000012629 4.181065963304812 25.311936480988386 0.9793253994684529 -0.00017517313197839695 0.003381387599582838 11.05547181210269 0.9793254043251491 -0.00017519708241735984
0.1986968777846003 0.015752973164288125 3.100303914878477e-11 56.43550000012203 57.31850000012624 4.797635456498631 37.83988121716184 0.980397692676983 -0.00020774576441169178 0.001568181395142122 10.552079253439821 0.9803976843123662 -0.0002077143755767989
0.29840462487863106 0.018669429104476536 2.066823922562752e-11 56.35900000012172 57.271000000126065 5.299959059534799 47.950790012172334 0.9812562149257347 -0.00020677891164286053 0.0009892816591927922 10.104969359156925 0.9812562156747079 -0.00020679131279979643
0.39828127320865025 0.02101421666538845 1.5361008049387684e-11 56.3330000001217 57.25950000012612 5.725070765075951 56.8588322206615 0.9821404033407938 -0.00019802829161879074 0.0006980030084901535 9.714395519107935 0.9821404006914904 -0.0001980154770023992
0.49830623229879695 0.02297883873668242 1.2094229579724203e-11 56.24900000012143 57.18450000012589 6.100491470448034 65.05632047062356 0.9829922278527214 -0.00018837893902577256 0.0005226802285960518 9.363312667348442 0.9829922245772236 -0.00018836575591220852
0.5984637855978725 0.024664698646697535 9.812163638036792e-12 56.24700000012157 57.18900000012606 6.428732223804904 72.79194376185941 0.9838098785729186 -0.0001700725117133704 0.00040447443952451806 9.053613056267888 0.983809877691405 -0.00017006915334949485
0.6987516176407472 0.026135095488117856 8.155817654600157e-12 56.19450000012148 57.14100000012599 6.726929317037404 80.20842525236955 0.9845636905521514 -0.00016178257096293808 0.00032112822923023555 8.770036940404104 0.984563688888601 -0.00016176854344299505
0.7991636094269425 0.027432869456583832 6.890582061472187e-12 56.14000000012141 57.09000000012594 6.997587868169491 87.39482510479539 0.9852662974969569 -0.0001534327340074695 0.000259597172701195 8.511372977837905 0.9852662969256256 -0.00015343282143574948
0.8996940852949414 0.028588842101419494 5.888474514549269e-12 56.11600000012149 57.06850000012603 7.24298034438218 94.41033835192677 0.9859265125235689 -0.0001450637641788548 0.00021268191571495687 8.276187010311354 0.9859265110211238 -0.00014505706543223228
1.0003416494333006 0.029626086177651736 5.079852042296696e-12 56.109000000121654 57.064000000126214 7.467375335925952 101.29670623059573 0.9865481179341736 -0.00013606859885814494 0.00017620343084164512 8.06041405836255 0.9865481171134861 -0.00013606026759879604
2.0136594017839826 0.036128007556651284 1.6147935558015266e-12 55.82050000012268 56.785500000127286 9.043181178880152 167.21038922169353 0.9909465405780085 -0.00007411184267506719 0.00003979273623067949 6.533699403285645 0.990946540424779 -0.00007411194188702288
