1.1947831349779808e-8 1.490783220592179e-7 5.291892161043885e-10 60.471000000143185 60.806000000144785 3.0793657568491972 0.24043397828895216 0.9543123761219088 -0.00023220743275667818 0.030859842915969767 11.62709868525294 0.9543123757734571 -0.0002322048457230818
3.682960530935661e-8 3.4169244630069454e-7 5.053909075437963e-10 60.188500000141744 60.52300000014334 3.097282956126833 0.32335750211708797 0.9566300128017694 -0.0001724187201743285 0.029438605184307 11.609901432340047 0.9566300100418154 -0.0001724098490175061
6.170456742866854e-8 4.974979945011787e-7 4.87065730867237e-10 60.00950000014083 60.345000000142434 3.108630858606205 0.3720893437401927 0.9579479225711918 -0.00015505669342504786 0.028350688509379173 11.597113733371682 0.9579479197361331 -0.00015505086798127388
8.657523490193602e-8 6.353996306183558e-7 4.701302861154266e-10 59.9700000001406 60.3045000001422 3.111204908850458 0.40875960921325866 0.9588849504811573 -0.00014745420717102647 0.02736043028785408 11.596107417748225 0.9588849451352647 -0.00014744427024419393
1.1144293715328549e-7 7.617678259810424e-7 4.573692849501751e-10 59.87700000014013 60.21200000014173 3.1171216283630483 0.4388854452198624 0.9595726166038824 -0.0001451122069591444 0.026607707791955315 11.589533382369407 0.9595726096521906 -0.00014509469658013555
3.6003952657736075e-7 1.7478012603255376e-6 3.818959432003688e-10 59.546000000138406 59.88050000014 3.138399707577416 0.6179870699549125 0.9626132333934244 -0.00015724799101290236 0.02218667173034644 11.568802552212215 0.9626132276876334 -0.00015723053219161788
6.085726045321668e-7 2.5191665098770957e-6 3.4393329932641544e-10 59.384500000137564 59.71950000013916 3.1487977953239303 0.724730900652364 0.9637448122674384 -0.0001710841378420172 0.019967781400821272 11.557525008591817 0.9637448071995017 -0.00017107096758584237
8.57077805460902e-7 3.1917700798423705e-6 3.1862663445135536e-10 59.29700000013712 59.63200000013872 3.1544851116396275 0.8055822794446676 0.9643871439888239 -0.00018085290568137813 0.018491739910681183 11.552283840061673 0.9643871385927595 -0.00018083866853613805
1.1055674564134213e-6 3.80258790818319e-6 3.0095776399512893e-10 59.16650000013647 59.50150000013807 3.1629640666402175 0.8722224046688576 0.9647937234276887 -0.00018895468111652364 0.01745670651429116 11.543923943277116 0.9647937166846727 -0.0001889337455365059
3.5901403615311213e-6 8.48429554148546e-6 2.2146365462744077e-10 58.821000000134724 59.15600000013632 3.1855168943268413 1.2694537845752176 0.9662000528485414 -0.0002196907233088398 0.012826859400923539 11.521305433922434 0.9662000461227429 -0.0002196712134529994
6.074521579575826e-6 0.00001210375935782135 1.9061264953028142e-10 58.68600000013405 59.02100000013565 3.1943898651054217 1.5056119507987042 0.9665913621791167 -0.00023011310281199175 0.011033591514455505 11.512483835122367 0.9665913549615629 -0.00023009178803054802
8.558840618630916e-6 0.00001524785746138471 1.7281869316864477e-10 58.54350000013336 58.87850000013496 3.203782623664955 1.6839429356497255 0.9667711266491567 -0.0002365330252296016 0.009997411984149097 11.5030248614397 0.9667711190734547 -0.00023650979894039635
0.000011043121848837898 0.000018097694494261128 1.6022117428172465e-10 58.47250000013301 58.80750000013461 3.20850687344782 1.8305848602438937 0.9668878810048801 -0.0002404159127999616 0.009265769934441745 11.49868172281343 0.9668878768696967 -0.0002404123678467876
0.00002098008677612085 0.000027837894976186153 1.3216743376864883e-10 58.25950000013198 58.59450000013358 3.2226881240846095 2.2609561672031817 0.9670937678372531 -0.0002489801864079801 0.007636225114846736 11.484223247132793 0.9670937590811826 -0.0002489589377088467
0.000030916924477552406 0.00003609236170484436 1.173055589342254e-10 58.154000000131475 58.489000000133075 3.229796689335784 2.5698172425277472 0.967180869132092 -0.00025293025362917447 0.00677435497423862 11.477281966329413 0.9671808620519986 -0.00025290969534437426
0.0000408537215755893 0.00004349158945400349 1.0783232514406043e-10 58.03300000013088 58.36800000013248 3.2379623249826563 2.818042896693578 0.9672158868940051 -0.00025602423152517846 0.006223896332694506 11.469558106804485 0.9672158789675762 -0.000255999416296873
0.00005079048117606113 0.0000503080120969221 1.008584039082099e-10 57.95400000013051 58.289500000132115 3.2433280010158216 3.0287709089881854 0.9672398581464989 -0.0002580814362196162 0.005819290828451596 11.464194298103282 0.9672398521344532 -0.0002580654968050771
0.000060727202504448855 0.000056690839208161304 9.531010661464788e-11 57.92100000013034 58.25600000013194 3.2456555973618673 3.2135987058579185 0.9672636402380678 -0.00025926118573615865 0.005498312559106704 11.462410325781095 0.967263632523611 -0.00025923792040852956
0.00007066393188189606 0.00006273306392028813 9.100024730753993e-11 57.85500000013003 58.190500000131635 3.2501582123485604 3.3792673655324066 0.9672710867663156 -0.00026068865121599597 0.005248102588830172 11.457536383169307 0.9672710791659151 -0.00026066603166023054
0.0000806006403604126 0.00006849744761882607 8.734428639509963e-11 57.81300000012982 58.14900000013142 3.253046276961385 3.5300865869749587 0.9672798943783598 -0.0002616821497244778 0.005036284918710135 11.454048332758317 0.9672798864489348 -0.0002616576691552742
0.0000905373426928009 0.000074028978649628 8.424117003084546e-11 57.77450000012965 58.11000000013125 3.255763817468491 3.668996020651806 0.9672857951465988 -0.0002625609881952965 0.004856474489231915 11.452501329295583 0.9672857870992962 -0.0002625358896631151
0.00010047404957395827 0.0000793612594826823 8.159784553050086e-11 57.72800000012943 58.06350000013103 3.2589828985739775 3.798101878507222 0.9672870578934307 -0.0002635055806077537 0.00470307235806329 11.449268287032758 0.9672870471835276 -0.0002634769682423745
0.00019984082051250805 0.00012559294029050981 6.57099225241442e-11 57.53100000012847 57.86750000013008 3.2732953820724497 4.773536316219406 0.9673069587716423 -0.00026765008727323164 0.0037836928281146194 11.436413630961216 0.9673069507588598 -0.00026762557548510153
0.0002992075694463755 0.0001644042139215243 5.7882675602357347e-11 57.40150000012786 57.73850000012947 3.283101539865268 5.459852195562287 0.9673046250980691 -0.00027003608959991573 0.0033307799907701333 11.428250752017771 0.9673046236695857 -0.00027003574013047515
0.00039857444900643827 0.00019905458031657262 5.293237632247242e-11 57.293000000127336 57.63100000012895 3.291503274203417 6.007012474255347 0.9672957486737512 -0.0002717728344916959 0.0030441890573958182 11.421293541927309 0.9672957507945783 -0.00027178771009233726
0.0004979414626840791 0.00023090241668329738 4.939627565098729e-11 57.203000000126906 57.54150000012852 3.298662926853868 6.469505211377436 0.9672864267997866 -0.0002731886042594362 0.002839444012933517 11.415646904007922 0.967286418895047 -0.00027316375577054477
0.0005973082632977723 0.0002606787361753497 4.6549717868725224e-11 57.18700000012683 57.52700000012845 3.3007722563802715 6.8740734905510275 0.9672945986698369 -0.0002735360702120119 0.00267543159768373 11.413799205449308 0.9672945911376339 -0.0002735142522500546
0.0006966753749169023 0.00028883470820644707 4.4347431390252295e-11 57.1395000001266 57.479000000128224 3.3051169333909973 7.236062929309876 0.9672919032345911 -0.0002743026420410348 0.002548102053909003 11.41232375609227 0.9672918871697876 -0.00027425262440468107
0.0007960428911364088 0.00031567298217713603 4.2599976381019035e-11 57.06100000012622 57.40150000012785 3.311502324081707 7.565198190034384 0.9672796721044119 -0.0002754060663301337 0.002446631697649554 11.40717006125707 0.9672796655171136 -0.00027538824414906777
0.0008954100052633085 0.00034140858023945893 4.09899359566346e-11 57.0550000001262 57.39650000012783 3.3129786549072624 7.868079981779728 0.9672865636237871 -0.0002755209830076165 0.002353925364024424 11.407236999323114 0.9672865560858936 -0.0002754973820263325
0.0009947774952518604 0.0003662024723932488 3.965885737257728e-11 57.02000000012603 57.362000000127665 3.316419663232766 8.149405617750272 0.9672848477039319 -0.00027602544218929495 0.002276950131817535 11.405217863824609 0.9672848402033446 -0.00027600192682124985
0.0019884597016648 0.0005807103931306334 3.198325264634188e-11 56.75800000012478 57.10700000012645 3.3448977592718996 10.272554401574935 0.9672764392864978 -0.0002795737445628099 0.0018326786768892893 11.391114590444134 0.967276444018393 -0.00027960301515469695
0.0029821530094655997 0.0007602812998399978 2.8165283986599593e-11 56.646500000124234 57.00300000012593 3.3630495824381903 11.767301169027295 0.9673002060595779 -0.0002808310557537396 0.0016118778962054975 11.38658048697499 0.9673002068949742 -0.0002808404548602177
0.003975859323785221 0.0009202476266886054 2.578405430428787e-11 56.54100000012373 56.90450000012546 3.380764811826473 12.961270016284141 0.9673221929568862 -0.00028198748586932316 0.001473783085667718 11.382419908320148 0.9673221949433686 -0.00028200175293371634
0.004969576408515644 0.0010669809616943987 2.405150978882371e-11 56.48900000012347 56.86000000012524 3.3947178829844042 13.972816536362007 0.9673577172752229 -0.0002823769122321327 0.0013734113687525944 11.381237157889275 0.9673577112030498 -0.00028235866590863034
0.0059633046717261565 0.0012039100740490083 2.2714699822772716e-11 56.461000000123335 56.83900000012514 3.4069709730605164 14.859842442393429 0.9673989320021794 -0.0002824574844588181 0.0012959591689066404 11.38151852377358 0.9673989057564002 -0.0002823666903444441
0.006957048160824918 0.0013331498255255646 2.169090528477699e-11 56.397500000123024 56.782500000124855 3.421634653690623 15.655513043514645 0.9674289305352837 -0.0002830180832911713 0.0012362678105841537 11.379404921753277 0.967428937948673 -0.0002830596191885248
0.007950803844716105 0.0014561188665115773 2.0839343839309085e-11 56.349000000122786 56.74150000012466 3.435178695032047 16.38081346428229 0.9674626319906021 -0.00028334325721246143 0.0011865934255260728 11.37747656608161 0.9674626305036494 -0.00028334523061433064
0.008944568424679233 0.0015738281592724028 2.0080161717932503e-11 56.34750000012277 56.74700000012468 3.4454368141371896 17.049958800103816 0.9675091820918073 -0.00028307705398866197 0.0011425311576887093 11.37891817428962 0.9675091892169284 -0.00028311914801920125
0.009938351838420567 0.0016870346898193345 1.9481533025768094e-11 56.289000000122485 56.69600000012443 3.4595686346624532 17.673054202847844 0.967538693980337 -0.00028360128785817206 0.001107351727580698 11.375854781063097 0.9675386543341583 -0.0002834636525466865
0.019876894823750664 0.002657897328053977 1.586075545018308e-11 56.140000000121724 56.61850000012401 3.5676515496278247 22.435285156372675 0.9679360906049207 -0.00028289452170465133 0.0008944756444977521 11.362353884404122 0.9679360864694326 -0.0002828842672113451
0.02981686805727668 0.0034580993994669934 1.4100908449248427e-11 56.09350000012145 56.63700000012405 3.663567639456301 25.8669846753443 0.9683298090571809 -0.0002813683620811074 0.0007895186103008166 11.338429443384811 0.9683298064980498 -0.0002813639061389189
0.039758399185192514 0.004160888753570758 1.3021536792345362e-11 56.02200000012107 56.622500000123935 3.7567847049777305 28.66579825120748 0.9686901119282234 -0.000280570113636961 0.0007238505492657947 11.301082335539204 0.968690115532072 -0.0002805909283568051
0.04970146945690264 0.004797087169417465 1.2204690425053096e-11 56.05000000012116 56.69950000012426 3.8391391049704615 31.082280372406576 0.9690600548301624 -0.00027833302224777965 0.0006740266808648002 11.263157905834158 0.9690600532788722 -0.00027833267227582843
0.059646183227432946 0.005383471309722001 1.1592176047320817e-11 56.04750000012111 56.73850000012441 3.9201903471791826 33.23850716156953 0.9694034086410377 -0.0002768033472695799 0.0006360002942319314 11.218379095107949 0.9694034104173893 -0.0002768165315507251
0.06959251939646328 0.005930463469310737 1.109088148815007e-11 56.05850000012112 56.78350000012458 3.997233947767328 35.20425667737142 0.9697365847248447 -0.0002751367662696669 0.0006046166516927132 11.171498804317931 0.969736580411702 -0.0002751251782624596
0.07954049107867447 0.0064451189530973 1.0671421656450235e-11 56.067500000121136 56.821000000124734 4.071663796942433 37.02359490531206 0.9700569644754219 -0.00027350774255814993 0.0005780891909328797 11.122514318474773 0.9700569651505541 -0.00027351645617347986
0.08949012541443976 0.0069324979723306 1.0319390595699591e-11 56.056000000121045 56.83250000012475 4.145067208455766 38.726354816814116 0.970360177924204 -0.00027217949942031624 0.0005554786609052734 11.071151218857517 0.9703601739357375 -0.0002721689810736009
0.09944143365999376 0.007396385845374863 1.0021990522488671e-11 56.01700000012083 56.81250000012463 4.218147612010901 40.33379372258284 0.9706456265279135 -0.00027108252670055515 0.0005360003376152283 11.01725994125233 0.9706456276314701 -0.00027109309374711687
0.19903906806522825 0.011181198722344137 7.942018310630089e-12 56.09850000012102 56.98150000012523 4.823057587624755 53.403684079277234 0.973260216286991 -0.000255949914808723 0.00040066278572198577 10.526086723246834 0.9732602090642731 -0.00025592657732097923
0.2987796956352559 0.014044463014808382 6.6726377011779145e-12 56.073000000120814 56.984500000125166 5.321589822008696 63.821527812111725 0.9753847768336263 -0.000241525777660724 0.00031858012911724674 10.082950059709852 0.9753847772840668 -0.00024153583806916804
0.39865224884191847 0.0163720760672841 5.700813671256923e-12 56.08300000012084 57.00950000012526 5.743790053471276 73.04857011479471 0.9771500744733644 -0.00022763346640906944 0.0002584235872902275 9.695374835357725 0.9771500686166912 -0.00022760287769248554
0.4986491972831223 0.018334317026154724 4.9315981102302736e-12 56.04150000012069 56.97700000012515 6.115857094103699 81.59276343456538 0.9786291794593186 -0.0002156085651094685 0.00021267579329957198 9.347750678475984 0.9786291766661565 -0.00021559528978507597
0.598761604082546 0.020026332997942563 4.290848574698282e-12 56.049000000120806 56.991000000125304 6.442966728689936 89.69614219598675 0.9799084800003761 -0.00019728302574978685 0.00017650172237364478 9.03903808379361 0.9799084791523407 -0.00019728447229168373
0.6989887742788979 0.021508708705733567 3.76733509394861e-12 55.98600000012062 56.93250000012513 6.741429221710796 97.49382687384232 0.9810058076856318 -0.0001886070546363161 0.00014799530665145702 8.755234922083414 0.9810058059246582 -0.00018859406881341847
0.7993207429239716 0.022822761783370265 3.3196473328160433e-12 55.975000000120694 56.92500000012522 7.008795225491133 105.06888918759965 0.9819921179127795 -0.00017954680534700617 0.00012483078771770317 8.50001275116858 0.9819921170132941 -0.00017954197277296417
0.8997578870628569 0.023998430954759804 2.9409499740801654e-12 55.95350000012074 56.906000000125275 7.253607580854329 112.4770892845893 0.9828720075469027 -0.00017087911822312958 0.00010602397795892695 8.265383979301706 0.9828720058458185 -0.00017087056186559506
1.0002951922688956 0.025058069362357164 2.61520584357199e-12 55.953000000120895 56.908000000125455 7.4771778726698255 119.75725397722336 0.9836746608023634 -0.00016175277718147817 0.00009054957814482298 8.050429760667697 0.983674660142417 -0.0001617493571141781
2.0112930024515627 0.03185155989993951 9.849458793011736e-13 55.649500000121364 56.614500000125965 9.049936101612818 189.43747264843208 0.9889168531480624 -0.00009780350045494407 0.000024230355258263616 6.526764203366223 0.9889168528989608 -0.00009780334260649226
3.033302059909904 0.035273509123816514 4.620641982347227e-13 55.46050000012272 56.42900000012734 9.975420283849425 257.9813124854508 0.9918818546529855 -0.00005601390767591011 8.76974201841598e-6 5.624257733751142 0.9918818545628739 -0.000056014089399961
