1.093693490263564e-9 1.0028583741701083
2.1882995828490613e-9 1.002375429704896
4.92064603797222e-9 1.001955106490725
7.657644986779277e-9 1.001800127564274
1.038998246666553e-8 1.0016983513657352
1.3129663625270011e-8 1.001641307179217
4.045823247415907e-8 1.0013963565981616
6.782415991958417e-8 1.0013364761757595
9.514938837760315e-8 1.0012926886733844
1.225441327008487e-7 1.0012798142942885
3.9584245320663113e-7 1.0011847759107502
6.695133993605182e-7 1.0011722538875676
9.414751795289914e-7 1.0011195066211074
1.2162408089296228e-6 1.001146489111708
3.950861885850403e-6 1.0011205510925005
6.685682505420522e-6 1.0011123155268922
9.419010982734039e-6 1.0011029878555415
0.000012153792626532336 1.0010996550233864
0.000023091243265622073 1.001086951434711
0.00003399391982895218 1.0010516769357165
0.00004492586891884376 1.0010458430441247
0.00005589303194183899 1.0010547194503956
0.00006678166687919618 1.0010291070026527
0.00007775407856332208 1.0010351594461828
0.00008863649735330479 1.001012740399392
0.00009962133602892323 1.0010189658692148
0.00011056127370485834 1.0010124557246889
0.0002197473410075602 1.0009170146746396
0.0003289159485666892 1.0008327794934122
0.00043794868793960997 1.000745763741836
0.0005470014803262411 1.0006653433047525
0.0006559462207636104 1.000580158880034
0.0007638509545650784 1.0004662484783333
0.0008740002447223669 1.0004238604314035
0.000982430707741589 1.000331736971001
0.0010914407396717392 1.000256568634785
0.002180432552850862 0.9994958716032238
0.0032697475957751804 0.9987562647122616
0.00435777657080827 0.9980188898317981
0.0054466276078142155 0.9972965760772411
0.006534447520053382 0.9965792193432652
0.007622767149760139 0.9958722034425298
0.008708635659980866 0.9951673631350161
0.009800307811369648 0.9944858870382973
0.010889038747416702 0.9938043596335174
0.02177601411387264 0.9874140261707598
0.03267371350618816 0.9817726806861197
0.04357294787842774 0.9768261872208893
0.054483407630060966 0.9725416929267166
0.06540665126937786 0.9688769884054094
0.07630924737558255 0.9657737985163115
0.08725888413346135 0.9632313532777815
0.09818058432964964 0.961172743309323
0.10912238396081968 0.9595902200266262
0.21863462721229465 0.9633862229715967
0.32823454798448803 0.9901088935489003
0.4377904923813705 1.02952469441438
0.5472760941245239 1.0768531917788982
0.6566875611345713 1.1296799970478986
0.766029157128186 1.1866872185234527
0.875307698707173 1.2471044329183407
0.9845303903860345 1.3104538763639237
1.0937039846312593 1.376423074448712
2.183741658889974 2.1525041643590117
3.2722767500505006 3.111442304205177
4.360207926771809 4.241368194597904
5.447837040707641 5.5401955675593015
6.535292590435781 7.008939955743088
7.622638534612907 8.650095656786178
8.709910296939942 10.466973791292295
9.797129167305316 12.463364454690485
10.884308746889372 14.64335530193701
16.320059023929417 28.450662302767032
21.755099358108374 47.51505778963656
27.190186700001263 72.40639269353052
32.62517797109227 103.68782683010618
38.060102277039825 141.91636816361688
43.49497595645196 187.64257756361928
48.92980974821873 241.41186645234308
54.364610943301535 303.7615306687849
59.799384673162066 375.2289732653449
65.23413503261091 456.3438830682826
70.668865063404 547.6342467557223
76.10357729873299 649.6243892847883
81.53827377439688 762.8364063881143
86.97295628788365 887.7838321153889
92.4076260687685 1024.9956786746266
97.84228455630065 1174.971971784797
103.27693282957735 1338.2357511460773
108.71157199032501 1515.2938910273647
119.58082574563281 1912.821926989359
131.5369727921572 2421.041678066064
144.6887029875816 3072.1326349040073
159.155575499201 3907.9400412651275
175.06910675249034 4982.901916618255
192.5739645043009 6368.341122006363
211.82928649238406 8156.732897952389
233.01012519130984 10469.319083284741
256.3090396375518 13465.047607779825
281.93784639302925 17352.22237499897
310.1295509283507 22402.73362365906
341.1404592590662 28974.92240173466
375.2525155811196 37537.46901337316
412.77585737801303 48713.157273589815
454.0516528110987 63311.398142118276
499.4551589599273 82409.2639023412
549.3992899606839 107402.297882608
604.3380771346802 140179.85866350177
664.7710989767548 183202.7489229432
731.2478756030426 239695.914715499
804.3728944199358 313931.16404302476
884.8111225296337 411648.9798044867
973.2940471451728 540316.3207881058
1070.6263378112278 709875.5562804177
1177.6931725207883 933523.0333171916
1295.4682889097562 1.2286590915490151e6
1425.0228629368225 1.618244143633572e6
1567.5352389014388 2.133153762284105e6
1724.3016795246078 2.8139927849341063e6
1896.748173972222 3.714770588816482e6
2086.443390232923 4.906546691471364e6
2295.113004427895 6.485127868643594e6
2524.6553858664083 8.572420695583593e6
2777.1589327440556 1.1347893472232353e7
3054.9210558405985 1.501453393888624e7
3360.4691427726425 1.988423198620838e7
3696.5835890554335 2.6368054514891192e7
4066.3231401393696 3.487497369315229e7
