1.0600766122062963e-8 7153.941473430027 5.960175522583595e-10 58.030000000131594 58.3670000001332 3.238096691381032 0.23170025598019778 0.9513360483255188 -0.00039521815016789637 0.03440080045360145 11.47182162732961 0.9513360439034368 -0.00039522238560566256
3.268292360688838e-8 9362.208942243169 6.042665951124467e-10 57.757500000130285 58.09950000013192 3.2569979559430164 0.30702221385312034 0.9512231710683198 -0.0004009995534427613 0.034832880615711846 11.457690782389086 0.9512231683305288 -0.00040099882834856776
5.4763564996254775e-8 10584.251012296598 6.08521846541056e-10 57.62350000012965 57.97000000013131 3.266674728537291 0.34931000046089555 0.9511651269943519 -0.0004038039500856002 0.035055385058435584 11.452667633861422 0.9511651241869848 -0.00040380350104479094
7.684349175006218e-8 11474.107920798037 6.111893087790071e-10 57.54350000012927 57.89450000013095 3.272715783016146 0.380179683663859 0.9511289415732014 -0.0004055401307570164 0.03519473213761133 11.451274463194618 0.9511289390381594 -0.0004055383719913801
9.892182797897425e-8 12170.5792467785 6.140395407161045e-10 57.45750000012885 57.81300000013055 3.279150554845175 0.4049572077945327 0.9510903924993459 -0.0004073736609872767 0.03534351208714134 11.448962778832833 0.9510903894728323 -0.0004073744804569179
3.196982963973626e-7 16089.464959964007 6.236998844864837e-10 57.22750000012776 57.61700000012962 3.300800168638919 0.5429598729976665 0.9509590586294624 -0.0004140109869861627 0.03584691075076806 11.467793737762186 0.9509590557534437 -0.0004140104511250529
5.404587914165767e-7 18220.345071629912 6.284720020618886e-10 57.14950000012738 57.56400000012936 3.3114031825774948 0.6191149926153309 0.9508939301438616 -0.0004173312031909265 0.03609509949835049 11.487877559989906 0.9508939269983466 -0.00041733327289536005
7.612151936744817e-7 19772.514757625137 6.311727353808227e-10 57.132000000127306 57.56500000012937 3.3173749106031205 0.6744599046112292 0.9508566061711736 -0.00041933067279127293 0.036235424049600194 11.506795779527605 0.9508566032802175 -0.00041932992053208927
9.819573054694508e-7 20980.818774254334 6.342176712903892e-10 57.097000000127125 57.54200000012925 3.3240852518565185 0.7187879986971792 0.9508144386861116 -0.0004216220525200138 0.03639350969766809 11.521126753913277 0.9508144337455856 -0.0004216253665989311
3.18924759289051e-6 27621.25096466082 6.48126331382071e-10 57.092000000127115 57.58500000012947 3.354381185900394 0.9649111888925346 0.9506165165157917 -0.0004324868137265062 0.03711411285132147 11.59267023083113 0.9506165131260325 -0.00043248854541091264
5.396387918969519e-6 31129.591086036082 6.56797331933955e-10 57.10200000012716 57.611500000129595 3.372969106914796 1.1004707706740116 0.950486900008975 -0.00044033014306400347 0.037562148778020596 11.615921051048996 0.9504868943741742 -0.00044033270525540105
7.603416621175087e-6 33556.09840969547 6.646698019851111e-10 57.07250000012702 57.5910000001295 3.389664796065711 1.1989237794607128 0.9503671776796339 -0.0004483350451573902 0.03796809651559346 11.624509078315596 0.9503671739434136 -0.0004483370472642725
9.810654226661856e-6 35539.26277937811 6.693941229966691e-10 57.1095000001272 57.63550000012971 3.399547940525326 1.2777639612469354 0.9502875768384694 -0.0004548522478368912 0.03821148085548463 11.632873343211628 0.9502875729546336 -0.00045485299367514504
0.000018639702044955927 40731.26383361452 6.878356784639716e-10 57.079500000127055 57.62100000012964 3.437566036590192 1.4999576056228734 0.9499794886801797 -0.00047656713024312776 0.03915888752555534 11.637207046643367 0.9499794839195309 -0.00047656849270986935
0.000027471064572553696 44196.63602357493 6.999412296117738e-10 57.103500000127184 57.654500000129815 3.461824865556344 1.6524523335935926 0.9497508249553361 -0.0004941762106282985 0.03977916579889558 11.636331084255346 0.9497508200023583 -0.0004941761740968238
0.000036305105771353575 46813.23364918931 7.098119617151351e-10 57.123000000127284 57.680000000129944 3.4811974722874743 1.771498216886642 0.949548829064206 -0.0005101419862764012 0.04028404988864289 11.633436485445316 0.9495488235947706 -0.0005101426219704922
0.00004514190487908005 48907.62658200473 7.186403569085249e-10 57.127500000127306 57.68900000012999 3.498241018761424 1.8703846020923656 0.9493607499719176 -0.0005283707827491694 0.04073490959270085 11.628578361155048 0.9493607505143352 -0.0005283697807199619
0.00005398168921202408 50634.63281636933 7.270334059185825e-10 57.11200000012725 57.678000000129956 3.514229677043952 1.9556143462652447 0.9491743001837274 -0.0005476201921574218 0.04116284469439977 11.621695091075155 0.9491742921323841 -0.0005476196928572982
0.00006282497537910606 52187.738235975194 7.336530609048294e-10 57.12950000012734 57.69850000013005 3.526546735940263 2.030904327876336 0.9490131869800307 -0.0005597588459803184 0.04150034194043339 11.617437025901811 0.9490131715509398 -0.0005597550915993248
0.00007167197309157645 53567.19807863242 7.396223535080255e-10 57.149000000127444 57.72050000013017 3.5374806310718605 2.0985906332602284 0.9488585568840171 -0.0005769430563027233 0.041804540897942236 11.613684287721053 0.9488585479759718 -0.0005769417577106802
0.00008052159280045066 54768.71262316153 7.457130683962909e-10 57.14850000012745 57.72250000013019 3.548564787180845 2.1602372296101717 0.9487023386837858 -0.0005886548192470509 0.04211450531173935 11.608184848037709 0.9487023298385167 -0.0005886526223922613
0.00008937495170285726 55868.93950385911 7.512409622257397e-10 57.154000000127475 57.730000000130225 3.558470728093669 2.2169697894135636 0.9485539454309485 -0.0006050570921329417 0.04239574642637168 11.603698857721911 0.94855393424713 -0.0006050541153356338
0.00017808888209690945 63330.47475027258 7.956581588078946e-10 57.15000000012754 57.73900000013035 3.6338015940903268 2.6297680245092665 0.9472091677049307 -0.000738314104797954 0.04465066807822274 11.5604000147975 0.9472091488149356 -0.0007383056186145632
0.00026709912355140253 67994.77984084719 8.271492767803946e-10 57.1880000001278 57.78450000013065 3.6821040527792555 2.9055001879485065 0.9460995257738986 -0.0008359994571315051 0.04624772628860026 11.529357071539778 0.9460995002107206 -0.0008359851820210384
0.0003563290596052093 71339.01925509587 8.538816107622441e-10 57.201500000127915 57.80300000013079 3.7203674127997495 3.1175876130719824 0.9451222707611958 -0.0008657553332935835 0.04760190399720668 11.502821866857724 0.9451222414417386 -0.0008657350088685753
0.00044570119176612664 73948.30635837516 8.773577401044459e-10 57.207500000128 57.81300000013089 3.752173769067327 3.2919086128954342 0.9443196007609025 -0.0009091085812321428 0.048789736386717936 11.47968224073345 0.9443195500236923 -0.0009090684923784305
0.0005351689652018992 76104.3507992721 8.982310656198825e-10 57.218000000128086 57.82600000013099 3.779100261285938 3.440898722816272 0.9436208151349617 -0.0008801240210313735 0.049845043954222165 11.46001207609275 0.9436207944820918 -0.0008801055421185309
0.0006246341450545042 77966.03054365242 9.167821528852336e-10 57.23950000012821 57.850000000131125 3.801968256812222 3.57152650078413 0.9430947217886725 -0.0008526871442050717 0.05078259445250459 11.44286799926214 0.9430946984672444 -0.0008526629208141271
0.0007140723641452911 79539.58602687309 9.344228462263543e-10 57.24250000012824 57.85500000013116 3.8233572276115546 3.688252829336102 0.9426709497748317 -0.0007989088282518058 0.05167173747264087 11.426428608143906 0.9426709227466765 -0.0007988768794835264
0.0008034350175855126 80937.55128159815 9.506340846299508e-10 57.24800000012828 57.86250000013121 3.8425251862472347 3.794023851527251 0.9423559113019786 -0.0007193570570314927 0.05248760346917666 11.411203724535863 0.9423558962933595 -0.000719331293562976
0.0008926784509715573 82243.28391425562 9.64984795581233e-10 57.273500000128394 57.889500000131335 3.858904526409661 3.8909269632929635 0.9421557305643355 -0.0006107781800051186 0.05320979558947263 11.398827206552081 0.942155688347133 -0.0006107190818980877
0.0017741685752915874 90483.9307097718 1.0737841001038085e-9 57.28150000012816 57.90750000013115 3.9847799986590866 4.588736223951015 0.9436860626077326 0.000689223331271063 0.05860037047149638 11.295381456669151 0.9436861075083763 0.000689254868979417
0.002628426780102055 95546.82286093882 1.1341708579028045e-9 57.3010000001277 57.932500000130716 4.064183199816508 5.0554806381028525 0.947853813648716 0.0019414990300524726 0.06148207230813694 11.228176332542832 0.9478539226030017 0.0019415075706058907
0.003446156339356837 99346.2193139104 1.1669614141755649e-9 57.31450000012704 57.94950000013007 4.122596623982972 5.419167140849801 0.9534641723831376 0.0019088634136742275 0.06294224255700169 11.177584222181697 0.9534641971426112 0.0019088925525749245
0.004226017079372642 102489.72282307682 1.1838275280435365e-9 57.344500000126345 57.98200000012939 4.167589615182415 5.720663975250356 0.957638754020203 0.0030886924764887158 0.06360156939274951 11.138695203293244 0.9576388280530427 0.003088714021207915
0.004938585198689301 104947.81448911001 1.1926359145242624e-9 57.33200000012514 57.971500000128195 4.20521191139114 5.970081949265645 0.962240749768153 0.004355045661315934 0.06386229070850562 11.105209885033588 0.9622410080380193 0.0043549533474245465
0.005599467867611226 107254.21467404593 1.1923206279600206e-9 57.378500000124134 58.01950000012719 4.233164577671035 6.186050563674001 0.96645502798217 0.003620833947327227 0.06368662163060242 11.081005380982914 0.9664552672738056 0.0036206945482459493
0.00617436721334254 108945.15208620684 1.191660789488113e-9 57.35450000012249 57.99650000012556 4.258849737872192 6.363723022532976 0.969462835295854 0.004201148992948094 0.0635048591811015 11.05788630192136 0.9694625357399731 0.004201477127278554
0.006653328284888153 110430.46617118262 1.1875521854678701e-9 57.377000000120766 58.02000000012384 4.276453752398559 6.505735387698226 0.9720694682700226 0.00470859903464766 0.06318544973295351 11.04222704604205 0.9720693110395804 0.004708816958698891
0.007021986602548817 111396.73172379218 1.1852057716055037e-9 57.351000000118454 57.994500000121526 4.291724536899647 6.611940001788032 0.9740916037381302 0.005129316647692543 0.06297338722323038 11.028346296735211 0.9740915882481227 0.005129412321107934
0.024548606890744215 149635.600319896 8.131818729481294e-10 57.274000000138 57.932000000141144 4.665403777515142 10.434963169527812 1.0326734726152034 0.00527946636823854 0.041694174341815805 10.685666824918105 1.0326735909570293 0.005279343012467158
