1.0447180830052265e-8 7066.546480129899 6.165198637224614e-10 58.023000000130956 58.36050000013257 3.2385470766685573 0.22892937593177054 0.9561867896296007 0.0003507431876497752 0.03558308004662279 11.470874786497841 0.9561868251200865 0.0003507138170255242
3.148096061244916e-8 9316.911018480563 5.940522746722935e-10 57.76500000012877 58.107000000130405 3.2564456620033777 0.30542897342235564 0.962156611591932 0.0007636450010168909 0.03424534528930838 11.457671602664867 0.9621566099136399 0.0007636502177247758
5.184745191163194e-8 10572.873045430357 5.765881190202454e-10 57.595000000127236 57.94100000012889 3.2684850059681194 0.3493545632955684 0.9656382956074806 0.0008803303970819026 0.03321171920550219 11.44999836813193 0.9656380586068342 0.0008805680565957282
7.172022198170093e-8 11528.88031451615 5.601417448426622e-10 57.54800000012642 57.898500000128095 3.272243672452186 0.3818847770411988 0.9680773278779653 0.0009248393324107372 0.0322562349197663 11.450220485634878 0.9680774375594637 0.0009247290067702342
9.118539127148897e-8 12266.218639506129 5.480977058941305e-10 57.448000000125425 57.802000000127116 3.2795610202967813 0.4082603073867711 0.9699079253130206 0.0009402533819427623 0.03154709026588601 11.44707988189451 0.9699082297122791 0.0009399448429817977
2.713956751901991e-7 16546.453336014147 4.72652227307706e-10 57.19850000012082 57.58150000012265 3.3014586531928654 0.558665645399022 0.9781229001151756 0.0008563069097895903 0.027164287950882448 11.458785410018885 0.9781228600770773 0.0008563382686696813
4.3566822315495107e-7 18912.52108715635 4.34712668074524e-10 57.08400000011814 57.48800000012007 3.3132763961581264 0.6435039333502873 0.9812592366234278 0.000788737142773544 0.024963706064546082 11.470929398912466 0.9812595340447448 0.0007884153601315174
5.903328686036747e-7 20653.024041128818 4.0907552993244694e-10 57.040500000116324 57.45900000011832 3.3198189260675717 0.705750471152744 0.983054140561459 0.0007560791195035212 0.023480968308439935 11.485031977021293 0.9830537039239371 0.000756510384466853
7.38238401136453e-7 22066.098354814392 3.8973965443091236e-10 57.031500000114995 57.46150000011705 3.3236050391122918 0.7559346812300218 0.9842478098567736 0.000751503437230392 0.0223652877116654 11.497846836282761 0.9842478348060527 0.0007514520883456823
2.0519539279377348e-6 29832.463022877888 3.064260166748146e-10 56.91350000010802 57.3900000001103 3.3527799575032913 1.042142676691561 0.9880112818004675 0.0011960747021618173 0.017549032167218405 11.554261586298228 0.9880122785459188 0.0011949756161982275
3.2549979069498594e-6 34172.474664367226 2.7251360899617365e-10 56.84900000010546 57.34100000010781 3.370732972829673 1.2084218132791158 0.9886924116356219 0.0018260925285466575 0.015587441395347866 11.575264323926339 0.9886936716126672 0.0018247965524084472
4.421133432879967e-6 37468.960196971704 2.5094983247603143e-10 56.85900000010421 57.36100000010661 3.380706454119614 1.3342856874009659 0.988819310473246 0.002415411724801438 0.014344047592737144 11.58992842647335 0.9888178301072456 0.002416431063991119
5.574733425090196e-6 40039.893975326595 2.3639996394368687e-10 56.79050000010306 57.29900000010549 3.394097731545475 1.4387565810205643 0.988775095102212 0.002901665047461784 0.013499740966648787 11.59390567228754 0.9887724048675457 0.00290367515794989
0.00001012284374594251 47792.90987199977 2.0064574091991252e-10 56.795000000101446 57.32000000010395 3.420618030675718 1.7487699128044327 0.988333285466482 0.0042429044396629905 0.01143660865271488 11.610499746351547 0.9883329180322505 0.0042415157196705735
0.000014643998638602918 53235.337732181644 1.81303029280828e-10 56.783500000100716 57.31800000010327 3.441021689099517 1.9745007104076882 0.9879831519185261 0.0049698139067115565 0.010319151815634371 11.614662984818828 0.987977579710458 0.004971148669844663
0.000019162096279019707 57486.67583236679 1.6862149476181825e-10 56.749000000100196 57.28950000010278 3.4591927026747498 2.1574847149904546 0.987754085627375 0.005398497982171789 0.009584928058443045 11.613683027256544 0.9877484720636833 0.005399095170944109
0.00002367745755227283 61087.08788814996 1.591716736173098e-10 56.74000000009993 57.28550000010254 3.4733360597829224 2.3135569865661703 0.9875955637020298 0.005682081324054054 0.009038601913075484 11.612442225664779 0.9875905166991323 0.0056833716904736735
0.000028197074574515198 64180.427536092735 1.5187635145494922e-10 56.72100000009971 57.27100000010233 3.4864378876520696 2.4510222906835852 0.98748912330197 0.005869368963884181 0.00861620221518927 11.609333268456995 0.9874885724114456 0.005870118783437367
0.00003271503086837006 66983.01158044451 1.458016808005488e-10 56.73000000009965 57.28300000010229 3.496553188545405 2.574479111665841 0.9874088059600534 0.0060110462114132185 0.008265531130967103 11.608153466018791 0.9874054872843675 0.006011794080584178
0.0000372415887422481 69462.47141483567 1.4084170038988246e-10 56.71850000009954 57.275000000102196 3.5069717181542788 2.6872469690823992 0.9873569721113532 0.006103017909706114 0.007978319834374543 11.604818506916683 0.9873592182063341 0.0061083899064243476
0.000041777731988577977 71681.27809468437 1.3670155197629124e-10 56.69200000009937 57.250500000102036 3.517587636744769 2.791423235622469 0.9873270582224593 0.006157043005524524 0.007737813717704372 11.600666342672522 0.9873274317999452 0.006160308122240136
0.00004630309463482467 73866.95624966267 1.328094720900164e-10 56.721000000099465 57.282000000102144 3.5240309664720058 2.8881211907191098 0.9872928087961729 0.006219410434653807 0.007513975822586712 11.6000623019264 0.9872931958687455 0.006222616127759581
0.00009197531602215548 89063.26381249532 1.1114825938139071e-10 56.65050000009917 57.22550000010192 3.5903203102336425 3.625513805360197 0.9873530950066985 0.00617907472663632 0.006257778856309777 11.56896750439465 0.9873479955885124 0.00617934207866751
0.00013820420555309723 99300.81708849702 1.0023969400655087e-10 56.62750000009926 57.210500000102044 3.63440503301001 4.149550787349258 0.9875492498957171 0.005907856464164145 0.005624985434580952 11.54426583143027 0.9875460342183164 0.005908797026096599
0.00018497379352371736 107249.91452483568 9.319183675590242e-11 56.62650000009948 57.21500000010229 3.6679233993944877 4.570581792168617 0.9877550597880281 0.005608882732185706 0.005216209330570488 11.523903840493874 0.9877492193845872 0.005610213742736023
0.00023231416305878944 113757.04743273197 8.816584099892473e-11 56.61400000009965 57.20650000010248 3.6966208870074544 4.92920478012525 0.9879556490820091 0.005304970467438689 0.004924056321281645 11.505106522751486 0.9879495457671094 0.005305654921985239
0.0002801452812870944 119447.21366406583 8.420542014779785e-11 56.63250000009997 57.22800000010281 3.719676985129959 5.244746707864392 0.9881349246830959 0.005027293095880462 0.004694506554976068 11.490315448296137 0.9881290774121869 0.00502747732505107
0.00032858337598978257 124346.15585563495 8.110589412248301e-11 56.62100000010014 57.219500000103 3.74182460984014 5.5293166799532685 0.988306249330017 0.0047482852424082095 0.004513932396552957 11.474629179762884 0.988303201916579 0.004747746925117081
0.0003775097473319336 128819.53345355144 7.847310607208084e-11 56.630500000100405 57.231500000103274 3.76058692429887 5.789468333642794 0.9884577446963116 0.004494552044068178 0.0043610053335853055 11.461360907545924 0.9884544954108441 0.004494338763146759
0.0004270764273052336 132750.96580304689 7.632704604658685e-11 56.60800000010052 57.2110000001034 3.7796783037952117 6.030831216882465 0.9886007955368898 0.004242070860987232 0.004235382206405917 11.44717917221941 0.9885982506538633 0.004241787705499053
0.0004771914239393639 136366.64483081215 7.446460067640094e-11 56.589000000100654 57.19350000010354 3.7972101164964482 6.25642277595544 0.9887292654603873 0.004005571838608333 0.0041263154713344005 11.434054320193177 0.9887337117677608 0.0040029532699484205
0.0010067319474701285 163140.65076569113 6.32659838642786e-11 56.570500000102534 57.18700000010548 3.9195865865682245 8.007002823836775 0.9894361041726848 0.0023086827412919834 0.0034713462444995297 11.338718694200939 0.9894339473787251 0.002310284734817001
0.0015852275655780326 181066.62742517615 5.771452895388049e-11 56.56050000010417 57.183500000107145 4.003835589576193 9.298467367420692 0.9895103274412308 0.0013199790216359224 0.003144671669310416 11.269643548720005 0.9895088944632913 0.0013212763909955165
0.002204939762071139 195053.2465310794 5.414174764984437e-11 56.58550000010569 57.213000000108686 4.068140380736087 10.362107188664146 0.989270728906442 0.0007135208852705012 0.002933969016728756 11.215917275572789 0.9892703090963176 0.0007138075051821755
0.002860154175420739 206094.68005595315 5.175016388669059e-11 56.5380000001067 57.16900000010971 4.125856399436337 11.282397626186823 0.9888600665234961 0.0003130216483754503 0.0027904527739740018 11.166018735913656 0.9888597134103313 0.00031326304421213855
0.003541130383444121 215920.48117621147 4.982776035140974e-11 56.57300000010805 57.20700000011108 4.17101228362623 12.095616234692748 0.9883900406323113 0.00003836126855981977 0.002676210678103362 11.127144377294485 0.9883890702424263 0.000039320036311654804
0.004245278897296113 223912.02134098162 4.846687059110352e-11 56.522500000108835 57.159000000111874 4.215598151512831 12.829252835524247 0.9878700771550121 -0.00015540287068225266 0.002592871191514028 11.087640731543761 0.9878679188037858 -0.00015314822379156897
0.004964799787278052 231227.6082654201 4.730703735740056e-11 56.520000000109675 57.158500000112724 4.252882459227332 13.495892160548973 0.9873663645070344 -0.00028927456194371515 0.0025223971857924092 11.054721014018735 0.9873646435639578 -0.00028746743047576773
0.005696693786514612 237975.1139816735 4.6305311906362917e-11 56.54800000011052 57.188000000113576 4.284839854375027 14.107842811453322 0.9868852282022745 -0.0004006791741234411 0.002461873390461519 11.026797385504874 0.986884011116138 -0.00039941932508948103
0.006438549623541061 243890.78031414744 4.550661300370445e-11 56.548500000111126 57.18950000011419 4.315472893937883 14.674054105228937 0.9864185171896986 -0.00046775438954935617 0.0024126733915254502 10.999599202732611 0.9864179932817154 -0.00046722826427307487
0.013963973023789768 282973.49959867727 4.148340588275521e-11 56.51800000011341 57.168500000116516 4.529619721188528 18.76810639935146 0.9836399639567365 -0.00041943740834795684 0.002155549911536024 10.805429168475557 0.9836392902156588 -0.0004187011709807659
0.02088995382563181 305252.2721192657 3.978326976588986e-11 56.51500000011238 57.169500000115505 4.655094001018032 21.31079030735396 0.9836602433554446 0.00017642149280945404 0.0020419077906528127 10.690003621191895 0.9836603207144949 0.00017635158950569265
0.026273749187543244 319152.7022304734 3.874041508286916e-11 56.53400000010899 57.19150000011213 4.730776542954345 22.924293689644166 0.9848845848594364 0.0013365028550920337 0.0019732942546846345 10.619838009990083 0.9848839165847131 0.0013373540068422295
0.029446643010081763 326213.3171598329 3.817006891111756e-11 56.51350000010355 57.172500000106695 4.771322672977577 23.789167731713196 0.9855581081875269 0.0030616468380998438 0.0019362105321396234 10.581874097940835 0.9855586286445401 0.003060841753066693
0.08126872443425297 422517.31212572905 2.773471368300195e-11 56.463000000138265 57.13250000014146 5.1996569820901275 34.58049326915281 1.0195386618353905 0.004932975244157266 0.001343202841327193 10.179073614265157 1.019538604746196 0.004933118940260539
