1.060067466849015e-8 7147.495412781197 5.96606200192228e-10 58.00950000013149 58.3465000001331 3.2394593944546526 0.2316999860235702 0.9513288878048523 -0.0003954610728427956 0.034431648562006284 11.470380167826697 0.9513288848422052 -0.0003954620414879456
3.2682355244109964e-8 9352.71447854703 6.049304456824566e-10 57.73450000013018 58.076500000131816 3.2585430677588323 0.3070225082455164 0.9512176489279353 -0.00040084400347171627 0.034867534755896504 11.456114152589434 0.951217644504261 -0.0004008486628345746
5.476242469194026e-8 10582.57704985904 6.086050134920546e-10 57.620000000129636 57.96650000013129 3.266924797296281 0.3493120388603982 0.9511708089273877 -0.000402757130850049 0.03505958632936017 11.452804299418432 0.9511708059420957 -0.00040275855619218467
7.684100106745025e-8 11470.076277528335 6.1139102396104e-10 57.535500000129225 57.8865000001309 3.273265857589053 0.38018299283461854 0.9511364827697897 -0.00040393050113528506 0.03520504236111371 11.45091839580941 0.951136479913548 -0.00040393050379577874
9.891851416715744e-8 12181.280884349906 6.133962964020018e-10 57.477500000128956 57.83250000013065 3.2778289631351516 0.4049634780691236 0.9511132950704876 -0.00040444461383824445 0.035309638552752654 11.450875265463383 0.9511132921421923 -0.00040444629608316296
3.1964365794230504e-7 16103.474780979577 6.228887075425843e-10 57.246000000127836 57.6360000001297 3.2995510020803445 0.542991582184599 0.9510307763674666 -0.0004030170594155802 0.03580333007987537 11.468928448231107 0.9510307737855396 -0.00040301731645231296
5.402779890236463e-7 18251.172393188066 6.268860536755543e-10 57.18600000012755 57.60100000012953 3.3089682749241045 0.6191842300564133 0.9510347473779713 -0.00039686801525683045 0.03600999537697604 11.49063215260971 0.9510347453463189 -0.0003968744994924412
7.608090281766999e-7 19758.89392908396 6.31015483162836e-10 57.11250000012719 57.544500000129254 3.3186946443006944 0.6745711644683776 0.9510398422348308 -0.00038831767093518924 0.03622312614280042 11.505860258081224 0.9510398407210563 -0.000388319604576314
9.812515558008901e-7 21018.402365060105 6.320843679218664e-10 57.133000000127275 57.5785000001294 3.321674110882399 0.7189546465405454 0.9510937717233916 -0.0003757388483401464 0.03627708567703066 11.523553993059558 0.9510937710285926 -0.0003757415109127279
3.179027173651644e-6 27618.817783202798 6.442827278088526e-10 57.06500000012685 57.5575000001292 3.356047569440281 0.9658577949491933 0.9517444290440237 -0.000244426510413365 0.03688975803639076 11.590732326356129 0.9517444393229976 -0.000244437224477061
5.362071563577161e-6 31168.43670083935 6.482606839578864e-10 57.08400000012681 57.592500000129235 3.3738963139008726 1.1024977306105506 0.9527054383107783 -0.0000948029885767679 0.0370715454859311 11.61473135346856 0.9527054744257099 -0.00009483755327785466
7.528688324766811e-6 33682.17439176001 6.501660696799841e-10 57.0895000001267 57.608000000129174 3.388128026263429 1.202256623500363 0.9537232632015323 0.00009450521957170792 0.03714359042687751 11.625578835879459 0.9537232667226614 0.00009451026399396108
9.674832085794404e-6 35656.488222387045 6.507746696771777e-10 57.08950000012652 57.61450000012903 3.400140640754537 1.2824649842804627 0.9548622694765851 0.0003117697827393067 0.037147067812560025 11.631411111219194 0.9548622487794328 0.00031180308096003434
0.00001802065588677675 41066.27762386555 6.458518855971854e-10 57.07750000012565 57.618000000128234 3.4355851890384703 1.510429966944673 0.9596761459912583 0.0010447491529084385 0.03677390020346276 11.63693406552169 0.9596761091566486 0.0010448077114070939
0.0000258601912041433 44661.0718329627 6.350440096483241e-10 57.08050000012458 57.629500000127194 3.459047431733701 1.6669587424931507 0.964495270673547 0.00175138395209319 0.03609809265672318 11.63558661030579 0.9644953625110422 0.001751329402850639
0.00003297735105454327 47334.95439724018 6.225884799977536e-10 57.09050000012317 57.64550000012582 3.4759136103314314 1.785437492338082 0.9690863673740767 0.002503523054061498 0.03534728587096651 11.632890965341312 0.9690867526569137 0.0025032128711431813
0.00003917161796615343 49352.44651988464 6.109656479965664e-10 57.08750000012129 57.646000000123955 3.48929861172582 1.8771057476587205 0.9728496046824934 0.0027755820344580193 0.03465395633446111 11.629316764891485 0.9728494021095679 0.0027758123380576534
0.00004409905876588012 50809.9515108996 6.014506919540435e-10 57.081000000118784 57.64200000012146 3.4991662082158874 1.9444803542870188 0.9757994654468856 0.003223989547931522 0.034089927630240914 11.625858470081274 0.9757993756731252 0.0032241182590508795
0.000047594788885856954 51725.662669342724 5.952839231010385e-10 57.047500000115534 57.61050000011822 3.507473220182101 1.989941685058203 0.9778301254640105 0.0035871436899521988 0.03372007339288617 11.621217002847501 0.977830736654141 0.0035866165137436404
0.0000495792006755885 52277.530212936756 5.909739978203068e-10 57.05800000011185 57.621500000114544 3.5101763086874067 2.0151053173956686 0.9788315490899419 0.003918580941651066 0.033469361751370386 11.620821475099408 0.9788311495936156 0.003918981370118987
0.00005031827570182099 52430.438168779845 5.89688233934218e-10 57.04650000010782 57.61050000011051 3.511953496406658 2.024654986120421 0.9787573076084964 0.004386822006765179 0.033392228205037046 11.619626741776301 0.9787568240935222 0.0043872252203537975
0.0000502979598127435 52390.63110057964 5.892908205348231e-10 57.05700000010416 57.62050000010685 3.510840399516368 2.0252954964286305 0.9774787590374575 0.0053684110787721485 0.03337242511495094 11.620730140965964 0.9774749394489428 0.005370860702706023
0.0002365243488072866 83619.65162984551 3.2108468323921044e-10 56.95300000013544 57.54650000013827 3.6804851676935506 3.569833290301995 1.042043204104919 0.004577070950021268 0.017954772826121027 11.524763447405425 1.0420434005278338 0.004576873583661231
